9.88,0.64,-12.51,-0.66,-0.30,-0.31,0.62,9.56,0.64,-12.75,-0.68,-0.17,-0.17,0.69,9.84,2.17,-12.22,0.13,0.17,-0.09,0.97
9.88,0.64,-12.52,-0.67,-0.29,-0.30,0.62,9.55,0.63,-12.70,-0.69,-0.17,-0.17,0.68,9.87,2.16,-12.24,0.13,0.17,-0.09,0.97
9.76,0.64,-12.52,-0.20,-0.66,-0.70,0.18,9.99,0.63,-12.81,-0.30,-0.64,-0.64,0.31,10.06,2.16,-12.37,0.14,0.18,-0.10,0.97
10.00,0.64,-12.82,-0.73,0.07,0.07,0.68,9.68,0.63,-12.63,-0.69,0.19,0.18,0.68,10.08,2.16,-12.38,0.14,0.18,-0.10,0.97
10.01,0.65,-13.00,-0.74,0.00,-0.01,0.67,9.66,0.63,-12.86,-0.70,0.12,0.11,0.69,10.08,2.16,-12.60,0.14,0.17,-0.10,0.97
10.00,0.65,-13.02,-0.78,-0.03,-0.03,0.62,9.65,0.63,-12.88,-0.71,0.10,0.09,0.69,10.08,2.16,-12.60,0.13,0.17,-0.10,0.97
9.61,0.68,-13.20,-0.46,0.55,0.50,0.49,9.92,0.63,-12.91,-0.40,0.59,0.59,0.38,10.12,2.16,-12.78,0.12,0.18,-0.10,0.97
9.63,0.68,-13.28,-0.51,0.46,0.40,0.61,9.87,0.63,-12.91,-0.47,0.54,0.53,0.45,10.11,2.15,-12.75,0.11,0.19,-0.10,0.97
9.71,0.66,-13.28,-0.55,0.45,0.43,0.56,9.87,0.63,-12.90,-0.48,0.53,0.54,0.44,10.09,2.15,-12.72,0.12,0.20,-0.10,0.97
9.76,0.65,-13.27,-0.53,0.47,0.49,0.51,9.90,0.63,-12.91,-0.43,0.57,0.58,0.40,10.05,2.16,-12.70,0.10,0.20,-0.09,0.97
9.85,0.64,-13.19,0.73,-0.02,-0.01,-0.69,9.50,0.62,-13.06,-0.70,0.18,0.19,0.67,9.81,2.15,-12.71,0.12,0.20,-0.07,0.97
9.82,0.64,-13.42,-0.72,0.09,0.09,0.68,9.50,0.62,-13.23,-0.69,0.22,0.26,0.64,9.76,2.15,-12.90,0.11,0.21,-0.06,0.97
9.83,0.64,-13.41,-0.72,0.08,0.08,0.69,9.49,0.63,-13.24,-0.75,0.19,0.26,0.57,9.73,2.15,-12.91,0.13,0.21,-0.05,0.97
9.80,0.64,-13.58,-0.72,0.03,0.03,0.70,9.44,0.64,-13.56,-0.83,0.08,0.10,0.55,9.67,2.15,-13.12,0.13,0.21,-0.05,0.97
9.80,0.64,-13.58,-0.72,0.02,0.03,0.69,9.38,0.66,-13.73,-0.67,0.08,0.06,0.73,9.67,2.16,-13.11,0.13,0.20,-0.03,0.97
9.69,0.64,-13.34,0.53,0.48,0.49,-0.50,9.90,0.69,-13.77,-0.47,-0.49,-0.44,0.59,9.69,2.15,-13.10,0.13,0.19,-0.03,0.97
9.74,0.64,-13.36,0.60,0.40,0.41,-0.56,9.75,0.66,-13.80,-0.56,-0.38,-0.34,0.65,9.72,2.15,-13.10,0.14,0.19,-0.04,0.97
9.92,0.64,-13.42,-0.58,-0.42,-0.44,0.54,9.86,0.64,-13.78,-0.58,-0.38,-0.38,0.61,9.94,2.16,-13.17,0.12,0.18,-0.06,0.98
9.97,0.64,-13.47,-0.66,-0.30,-0.32,0.61,9.74,0.63,-13.72,-0.66,-0.24,-0.24,0.67,9.98,2.16,-13.18,0.11,0.17,-0.07,0.98
9.97,0.64,-13.51,-0.44,-0.55,-0.59,0.40,10.01,0.63,-13.84,-0.48,-0.52,-0.51,0.48,10.17,2.16,-13.32,0.11,0.17,-0.07,0.98
9.99,0.64,-13.88,-0.63,0.37,0.41,0.54,9.93,0.63,-13.55,-0.53,0.46,0.46,0.54,10.18,2.16,-13.34,0.10,0.16,-0.07,0.98
9.94,0.65,-13.89,0.66,-0.32,-0.44,-0.53,9.92,0.63,-13.55,-0.53,0.46,0.46,0.54,10.18,2.16,-13.35,0.12,0.15,-0.07,0.98
10.19,0.68,-13.51,-0.42,-0.56,-0.54,0.47,9.99,0.63,-13.85,-0.51,-0.49,-0.48,0.52,10.17,2.16,-13.35,0.11,0.15,-0.07,0.98
10.30,0.70,-14.00,0.67,0.02,-0.01,-0.74,10.02,0.63,-13.64,-0.70,0.09,0.09,0.70,10.35,2.16,-13.29,0.11,0.15,-0.07,0.98
10.28,0.68,-14.16,-0.66,0.05,0.02,0.75,10.02,0.63,-13.82,-0.70,0.13,0.13,0.69,10.33,2.16,-13.47,0.12,0.15,-0.06,0.98
10.41,0.66,-14.03,-0.61,-0.35,-0.34,0.63,10.07,0.63,-14.18,-0.67,-0.26,-0.26,0.65,10.28,2.16,-13.65,0.12,0.15,-0.05,0.98
10.50,0.65,-14.27,0.71,0.02,0.02,-0.70,10.17,0.63,-14.14,-0.71,0.09,0.10,0.69,10.42,2.16,-13.74,0.12,0.15,-0.05,0.98
10.50,0.64,-14.41,0.73,0.01,-0.01,-0.68,10.18,0.63,-14.33,-0.71,0.11,0.13,0.69,10.38,2.16,-13.94,0.12,0.15,-0.04,0.98
10.50,0.64,-14.41,0.72,0.00,0.00,-0.69,10.18,0.62,-14.33,-0.72,0.10,0.13,0.68,10.34,2.16,-13.94,0.13,0.15,-0.03,0.98
10.47,0.64,-14.64,0.71,-0.08,-0.08,-0.69,10.17,0.62,-14.49,-0.71,0.16,0.20,0.65,10.30,2.16,-14.16,0.13,0.14,-0.02,0.98
10.16,0.64,-14.46,0.08,0.70,0.71,-0.08,10.46,0.63,-14.60,-0.21,-0.59,-0.77,0.13,10.28,2.17,-14.17,0.12,0.14,-0.02,0.98
10.54,0.64,-14.42,0.71,-0.02,-0.02,-0.70,10.20,0.64,-14.43,-0.79,0.07,0.10,0.60,10.33,2.17,-13.99,0.12,0.14,-0.02,0.98
10.55,0.64,-14.33,0.70,0.17,0.17,-0.68,10.25,0.67,-14.65,-0.63,-0.03,-0.04,0.77,10.34,2.18,-13.98,0.11,0.13,-0.02,0.99
10.48,0.64,-14.21,0.58,0.42,0.43,-0.55,10.50,0.67,-14.66,-0.57,-0.37,-0.27,0.69,10.37,2.17,-13.97,0.10,0.13,-0.02,0.99
10.64,0.64,-14.27,0.56,0.45,0.47,-0.52,10.66,0.65,-14.68,-0.57,-0.39,-0.35,0.63,10.60,2.17,-14.04,0.11,0.13,-0.04,0.98
10.90,0.64,-14.37,0.65,0.32,0.32,-0.61,10.70,0.64,-14.66,-0.65,-0.24,-0.25,0.67,10.84,2.18,-14.08,0.09,0.13,-0.05,0.99
10.90,0.64,-14.37,0.66,0.31,0.32,-0.61,10.67,0.63,-14.62,-0.66,-0.24,-0.24,0.67,10.88,2.17,-14.08,0.08,0.14,-0.05,0.99
11.02,0.64,-14.47,0.61,0.37,0.40,-0.56,10.85,0.63,-14.77,-0.62,-0.32,-0.32,0.64,11.07,2.17,-14.22,0.09,0.14,-0.06,0.98
10.83,0.64,-14.77,0.53,-0.47,-0.56,-0.43,10.92,0.63,-14.44,-0.40,0.59,0.57,0.41,11.08,2.16,-14.24,0.09,0.15,-0.05,0.98
10.78,0.65,-14.75,0.57,-0.43,-0.54,-0.44,10.90,0.63,-14.43,-0.42,0.57,0.54,0.44,11.09,2.17,-14.25,0.09,0.15,-0.06,0.98
10.85,0.68,-14.89,0.64,-0.26,-0.21,-0.69,10.77,0.63,-14.51,-0.62,0.33,0.30,0.65,11.08,2.17,-14.24,0.09,0.15,-0.05,0.98
10.89,0.69,-14.97,0.65,-0.17,-0.10,-0.74,10.75,0.63,-14.54,-0.65,0.25,0.23,0.68,11.06,2.17,-14.23,0.08,0.16,-0.05,0.98
10.92,0.68,-14.94,0.65,-0.16,-0.12,-0.73,10.75,0.63,-14.54,-0.66,0.26,0.23,0.67,11.02,2.16,-14.21,0.10,0.15,-0.05,0.98
10.92,0.66,-14.87,0.65,-0.20,-0.20,-0.70,10.76,0.63,-14.52,-0.65,0.30,0.28,0.64,10.98,2.17,-14.19,0.08,0.16,-0.04,0.98
10.82,0.65,-14.97,0.66,-0.27,-0.26,-0.65,10.67,0.63,-14.64,-0.60,0.39,0.37,0.59,10.82,2.17,-14.35,0.08,0.16,-0.03,0.98
10.56,0.64,-15.05,0.49,-0.51,-0.53,-0.47,10.65,0.63,-14.71,-0.39,0.60,0.59,0.38,10.62,2.17,-14.47,0.08,0.17,-0.03,0.98
10.27,0.64,-14.90,0.17,-0.67,-0.70,-0.16,10.59,0.63,-14.77,-0.04,0.69,0.72,0.03,10.40,2.17,-14.44,0.09,0.17,-0.02,0.98
10.55,0.64,-14.66,0.73,0.03,0.04,-0.68,10.19,0.63,-14.66,-0.74,0.08,0.11,0.66,10.32,2.17,-14.26,0.09,0.17,-0.02,0.98
10.55,0.64,-14.66,0.74,0.03,0.04,-0.67,10.19,0.63,-14.67,-0.79,0.09,0.15,0.59,10.30,2.17,-14.27,0.09,0.17,-0.02,0.98
10.53,0.64,-14.84,0.73,0.07,0.09,-0.67,10.23,0.62,-14.97,0.76,0.07,0.01,-0.65,10.28,2.18,-14.48,0.09,0.16,-0.02,0.98
10.54,0.64,-15.03,0.74,0.08,0.09,-0.67,10.24,0.63,-15.18,0.73,0.05,0.02,-0.68,10.31,2.18,-14.68,0.08,0.16,-0.02,0.98
10.52,0.64,-15.36,0.72,-0.18,-0.18,-0.65,10.21,0.63,-15.24,-0.65,0.25,0.27,0.66,10.34,2.18,-14.87,0.08,0.15,-0.02,0.98
10.53,0.64,-15.34,0.73,-0.14,-0.15,-0.65,10.21,0.63,-15.24,-0.67,0.24,0.25,0.66,10.37,2.18,-14.87,0.08,0.15,-0.03,0.98
10.45,0.64,-15.43,0.74,0.02,0.04,-0.67,10.11,0.63,-15.47,-0.70,0.09,0.10,0.70,10.28,2.19,-15.04,0.08,0.15,-0.03,0.98
10.45,0.64,-15.43,0.75,0.02,0.04,-0.66,10.11,0.63,-15.46,-0.71,0.09,0.10,0.69,10.29,2.19,-15.05,0.08,0.15,-0.03,0.98
10.43,0.64,-15.64,0.75,0.00,0.01,-0.66,10.09,0.63,-15.64,-0.70,0.12,0.12,0.69,10.29,2.19,-15.25,0.08,0.15,-0.03,0.99
10.44,0.64,-15.61,0.74,0.05,0.07,-0.66,10.10,0.63,-15.67,-0.71,0.06,0.06,0.69,10.29,2.19,-15.26,0.08,0.15,-0.03,0.99
10.44,0.64,-15.80,0.74,0.07,0.09,-0.66,10.10,0.63,-15.87,-0.72,0.04,0.04,0.69,10.30,2.19,-15.46,0.07,0.15,-0.04,0.99
10.45,0.64,-16.00,0.74,0.07,0.09,-0.66,10.12,0.63,-16.07,-0.72,0.04,0.04,0.69,10.32,2.20,-15.67,0.07,0.15,-0.04,0.99
10.46,0.64,-16.10,0.74,0.07,0.09,-0.66,10.12,0.63,-16.17,-0.72,0.03,0.03,0.69,10.33,2.20,-15.78,0.07,0.14,-0.04,0.99
10.47,0.63,-16.30,0.74,0.07,0.09,-0.66,10.14,0.63,-16.37,-0.72,0.04,0.04,0.69,10.34,2.20,-15.98,0.07,0.14,-0.05,0.99
10.47,0.63,-16.30,0.74,0.07,0.09,-0.66,10.14,0.63,-16.37,-0.72,0.03,0.04,0.69,10.34,2.20,-15.99,0.06,0.14,-0.05,0.99
10.47,0.64,-16.30,0.74,0.07,0.09,-0.66,10.14,0.63,-16.37,-0.72,0.03,0.04,0.69,10.33,2.21,-15.99,0.06,0.13,-0.05,0.99
10.47,0.64,-16.30,0.74,0.07,0.10,-0.66,10.14,0.63,-16.38,-0.73,0.03,0.02,0.69,10.33,2.21,-16.00,0.06,0.13,-0.05,0.99
10.47,0.64,-16.28,0.73,0.10,0.13,-0.66,10.15,0.63,-16.39,-0.73,0.01,0.00,0.69,10.34,2.22,-16.02,0.06,0.12,-0.05,0.99
10.12,0.64,-16.37,0.17,-0.65,-0.73,-0.13,10.44,0.63,-16.23,-0.05,0.69,0.72,0.03,10.35,2.22,-16.03,0.05,0.11,-0.06,0.99
10.07,0.64,-16.18,0.19,-0.62,-0.74,-0.15,10.38,0.63,-16.03,-0.06,0.69,0.72,0.04,10.30,2.22,-15.84,0.04,0.10,-0.05,0.99
9.98,0.65,-15.91,0.17,-0.65,-0.73,-0.13,10.32,0.63,-15.85,-0.03,0.69,0.72,0.02,10.22,2.22,-15.66,0.04,0.09,-0.06,0.99
10.30,0.65,-15.92,0.73,0.01,-0.01,-0.69,9.97,0.63,-15.78,-0.72,0.08,0.06,0.69,10.15,2.22,-15.47,0.04,0.09,-0.06,0.99
10.30,0.65,-15.91,0.69,0.00,0.01,-0.72,9.97,0.63,-15.78,-0.72,0.08,0.07,0.69,10.11,2.23,-15.47,0.04,0.09,-0.05,0.99
10.29,0.65,-16.11,0.70,-0.01,-0.01,-0.71,9.96,0.63,-15.98,-0.73,0.08,0.09,0.67,10.08,2.23,-15.67,0.04,0.09,-0.04,0.99
10.28,0.65,-15.97,0.50,0.50,0.50,-0.50,10.18,0.64,-16.30,-0.56,-0.43,-0.45,0.54,10.05,2.23,-15.88,0.05,0.09,-0.03,0.99
10.50,0.65,-16.29,0.70,0.04,0.04,-0.71,10.17,0.65,-16.28,-0.68,0.03,0.03,0.73,10.25,2.23,-15.89,0.05,0.09,-0.03,0.99
10.52,0.66,-16.25,0.69,0.11,0.11,-0.70,10.19,0.64,-16.30,-0.68,-0.04,-0.03,0.73,10.26,2.23,-15.90,0.05,0.08,-0.03,0.99
10.57,0.66,-16.45,0.69,0.10,0.10,-0.71,10.24,0.64,-16.49,-0.68,-0.04,-0.02,0.73,10.33,2.23,-16.10,0.05,0.07,-0.03,1.00
10.62,0.66,-16.66,0.70,0.08,0.08,-0.71,10.28,0.64,-16.68,-0.68,-0.02,0.00,0.73,10.40,2.23,-16.30,0.05,0.06,-0.03,1.00
10.61,0.66,-16.66,0.70,0.07,0.07,-0.71,10.28,0.64,-16.67,-0.68,-0.01,0.01,0.73,10.42,2.24,-16.31,0.05,0.06,-0.03,1.00
10.61,0.66,-16.66,0.70,0.07,0.07,-0.71,10.28,0.64,-16.67,-0.68,-0.01,0.01,0.73,10.43,2.24,-16.32,0.05,0.06,-0.04,1.00
10.61,0.66,-16.67,0.70,0.06,0.06,-0.71,10.27,0.64,-16.67,-0.68,0.00,0.02,0.73,10.44,2.24,-16.32,0.05,0.05,-0.04,1.00
10.64,0.66,-16.86,0.70,0.07,0.07,-0.71,10.30,0.64,-16.87,-0.68,-0.01,0.02,0.73,10.47,2.24,-16.52,0.05,0.05,-0.04,1.00
10.67,0.66,-17.06,0.70,0.07,0.06,-0.71,10.33,0.64,-17.07,-0.68,0.00,0.02,0.73,10.51,2.24,-16.72,0.04,0.06,-0.04,1.00
10.67,0.66,-17.06,0.70,0.06,0.06,-0.71,10.33,0.64,-17.07,-0.68,0.00,0.02,0.73,10.51,2.24,-16.73,0.04,0.05,-0.04,1.00
10.66,0.66,-17.07,0.70,0.05,0.05,-0.71,10.33,0.64,-17.06,-0.68,0.01,0.03,0.73,10.50,2.24,-16.72,0.04,0.05,-0.04,1.00
10.67,0.66,-17.17,0.70,0.04,0.04,-0.71,10.34,0.64,-17.16,-0.68,0.02,0.04,0.73,10.51,2.24,-16.82,0.04,0.05,-0.04,1.00
10.68,0.66,-17.27,0.70,0.04,0.04,-0.71,10.34,0.64,-17.26,-0.68,0.02,0.04,0.73,10.51,2.24,-16.92,0.04,0.05,-0.04,1.00
10.68,0.66,-17.27,0.70,0.04,0.04,-0.72,10.34,0.64,-17.26,-0.68,0.02,0.04,0.73,10.51,2.24,-16.91,0.04,0.05,-0.04,1.00
10.68,0.66,-17.27,0.70,0.03,0.04,-0.72,10.34,0.64,-17.25,-0.68,0.03,0.04,0.73,10.50,2.24,-16.91,0.04,0.05,-0.04,1.00
10.67,0.66,-17.28,0.70,0.03,0.03,-0.72,10.34,0.64,-17.25,-0.68,0.03,0.05,0.73,10.50,2.24,-16.91,0.04,0.05,-0.04,1.00
10.67,0.66,-17.28,0.70,0.03,0.03,-0.72,10.34,0.64,-17.25,-0.68,0.03,0.05,0.73,10.50,2.24,-16.91,0.05,0.04,-0.04,1.00
10.68,0.66,-17.38,0.70,0.02,0.03,-0.72,10.34,0.64,-17.35,-0.68,0.04,0.06,0.73,10.50,2.24,-17.01,0.04,0.04,-0.03,1.00
10.68,0.66,-17.38,0.70,0.02,0.03,-0.72,10.34,0.64,-17.35,-0.68,0.04,0.05,0.73,10.50,2.24,-17.01,0.04,0.04,-0.03,1.00
10.68,0.66,-17.38,0.70,0.02,0.03,-0.72,10.34,0.64,-17.35,-0.68,0.04,0.05,0.73,10.50,2.24,-17.01,0.05,0.04,-0.03,1.00
10.68,0.66,-17.38,0.70,0.03,0.03,-0.72,10.34,0.64,-17.35,-0.68,0.04,0.05,0.73,10.49,2.24,-17.01,0.04,0.04,-0.03,1.00
10.68,0.66,-17.38,0.70,0.03,0.03,-0.72,10.35,0.64,-17.35,-0.68,0.03,0.05,0.73,10.49,2.24,-17.01,0.05,0.04,-0.03,1.00
10.68,0.66,-17.38,0.70,0.03,0.03,-0.72,10.34,0.64,-17.35,-0.68,0.03,0.05,0.73,10.49,2.24,-17.01,0.05,0.04,-0.03,1.00
10.68,0.66,-17.37,0.70,0.03,0.03,-0.72,10.35,0.64,-17.35,-0.68,0.03,0.05,0.73,10.49,2.24,-17.01,0.05,0.04,-0.03,1.00
10.68,0.66,-17.38,0.70,0.03,0.03,-0.72,10.35,0.64,-17.35,-0.68,0.03,0.05,0.73,10.49,2.24,-17.01,0.05,0.03,-0.03,1.00
10.68,0.66,-17.38,0.70,0.03,0.03,-0.72,10.35,0.64,-17.35,-0.68,0.03,0.05,0.73,10.49,2.24,-17.01,0.05,0.03,-0.03,1.00
10.68,0.66,-17.38,0.70,0.03,0.03,-0.72,10.34,0.64,-17.35,-0.68,0.03,0.05,0.73,10.49,2.24,-17.01,0.05,0.03,-0.03,1.00
10.68,0.66,-17.37,0.70,0.03,0.03,-0.72,10.35,0.64,-17.35,-0.68,0.03,0.05,0.73,10.49,2.24,-17.01,0.05,0.03,-0.03,1.00
10.68,0.66,-17.37,0.70,0.03,0.03,-0.72,10.35,0.64,-17.35,-0.68,0.03,0.05,0.73,10.49,2.24,-17.01,0.05,0.03,-0.03,1.00
10.68,0.66,-17.37,0.70,0.04,0.04,-0.72,10.35,0.64,-17.35,-0.68,0.03,0.04,0.73,10.48,2.24,-17.01,0.05,0.03,-0.03,1.00
10.68,0.66,-17.37,0.70,0.04,0.04,-0.72,10.35,0.64,-17.36,-0.68,0.02,0.04,0.73,10.48,2.24,-17.01,0.05,0.03,-0.03,1.00
10.68,0.66,-17.37,0.70,0.04,0.04,-0.72,10.35,0.64,-17.35,-0.68,0.03,0.04,0.73,10.48,2.24,-17.01,0.05,0.03,-0.03,1.00
10.68,0.66,-17.37,0.70,0.04,0.04,-0.72,10.35,0.64,-17.35,-0.68,0.03,0.04,0.73,10.48,2.24,-17.01,0.05,0.03,-0.03,1.00
10.68,0.66,-17.37,0.70,0.04,0.04,-0.72,10.35,0.64,-17.35,-0.68,0.03,0.04,0.73,10.48,2.24,-17.01,0.05,0.03,-0.03,1.00
10.68,0.66,-17.37,0.70,0.04,0.04,-0.72,10.35,0.64,-17.35,-0.68,0.03,0.04,0.73,10.48,2.24,-17.01,0.05,0.03,-0.03,1.00
10.68,0.66,-17.37,0.70,0.04,0.04,-0.72,10.35,0.64,-17.35,-0.68,0.03,0.04,0.73,10.48,2.24,-17.01,0.04,0.03,-0.03,1.00
10.68,0.66,-17.37,0.70,0.04,0.04,-0.72,10.35,0.64,-17.35,-0.68,0.03,0.04,0.73,10.48,2.24,-17.01,0.04,0.03,-0.03,1.00
10.68,0.66,-17.37,0.70,0.04,0.04,-0.72,10.35,0.64,-17.35,-0.68,0.03,0.04,0.73,10.48,2.24,-17.01,0.04,0.03,-0.03,1.00
10.68,0.66,-17.37,0.70,0.04,0.04,-0.72,10.35,0.64,-17.35,-0.68,0.03,0.04,0.73,10.48,2.24,-17.00,0.04,0.03,-0.03,1.00
10.68,0.66,-17.37,0.70,0.04,0.04,-0.72,10.35,0.64,-17.35,-0.68,0.03,0.04,0.73,10.48,2.23,-17.00,0.04,0.03,-0.03,1.00
10.68,0.66,-17.37,0.70,0.04,0.04,-0.72,10.35,0.64,-17.35,-0.68,0.03,0.04,0.73,10.48,2.23,-17.00,0.04,0.03,-0.03,1.00
10.68,0.65,-17.37,0.70,0.04,0.04,-0.72,10.35,0.64,-17.35,-0.68,0.03,0.04,0.73,10.48,2.23,-17.00,0.04,0.03,-0.03,1.00
10.68,0.65,-17.37,0.70,0.04,0.04,-0.72,10.35,0.64,-17.35,-0.68,0.03,0.04,0.73,10.48,2.23,-17.00,0.05,0.03,-0.03,1.00
10.68,0.65,-17.37,0.70,0.04,0.04,-0.72,10.35,0.64,-17.35,-0.68,0.03,0.04,0.73,10.48,2.23,-17.00,0.05,0.03,-0.03,1.00
10.68,0.65,-17.37,0.70,0.04,0.04,-0.72,10.35,0.64,-17.35,-0.68,0.03,0.04,0.73,10.47,2.23,-17.00,0.05,0.03,-0.03,1.00
10.68,0.65,-17.37,0.70,0.04,0.04,-0.72,10.35,0.64,-17.35,-0.68,0.03,0.04,0.73,10.47,2.23,-16.99,0.05,0.02,-0.03,1.00
10.68,0.65,-17.37,0.70,0.04,0.04,-0.72,10.35,0.64,-17.35,-0.68,0.03,0.04,0.73,10.47,2.23,-16.99,0.05,0.02,-0.03,1.00
10.68,0.65,-17.37,0.70,0.04,0.04,-0.72,10.35,0.64,-17.35,-0.68,0.03,0.04,0.73,10.47,2.23,-16.99,0.05,0.02,-0.03,1.00
10.68,0.65,-17.37,0.70,0.04,0.04,-0.72,10.35,0.64,-17.35,-0.68,0.02,0.04,0.73,10.47,2.23,-16.99,0.05,0.02,-0.03,1.00
10.68,0.65,-17.37,0.70,0.04,0.04,-0.72,10.35,0.64,-17.35,-0.68,0.03,0.04,0.73,10.47,2.23,-16.99,0.05,0.02,-0.03,1.00
10.68,0.65,-17.37,0.70,0.04,0.04,-0.72,10.35,0.64,-17.35,-0.68,0.03,0.04,0.73,10.46,2.23,-16.99,0.05,0.02,-0.03,1.00
10.68,0.65,-17.37,0.69,0.04,0.04,-0.72,10.35,0.64,-17.35,-0.68,0.03,0.04,0.73,10.46,2.23,-16.99,0.05,0.02,-0.02,1.00
10.68,0.65,-17.37,0.69,0.04,0.04,-0.72,10.35,0.64,-17.36,-0.68,0.02,0.04,0.73,10.46,2.23,-16.99,0.05,0.02,-0.02,1.00
10.68,0.65,-17.37,0.69,0.04,0.04,-0.72,10.35,0.64,-17.36,-0.68,0.02,0.04,0.73,10.46,2.23,-16.99,0.05,0.02,-0.02,1.00
10.68,0.65,-17.37,0.69,0.04,0.04,-0.72,10.35,0.64,-17.35,-0.68,0.02,0.04,0.73,10.45,2.23,-16.99,0.05,0.02,-0.02,1.00
10.68,0.65,-17.37,0.69,0.04,0.04,-0.72,10.35,0.64,-17.36,-0.68,0.02,0.04,0.73,10.45,2.23,-16.98,0.05,0.02,-0.02,1.00
10.68,0.65,-17.36,0.69,0.05,0.05,-0.72,10.35,0.64,-17.36,-0.68,0.02,0.03,0.73,10.45,2.23,-16.98,0.05,0.02,-0.02,1.00
10.68,0.65,-17.36,0.69,0.05,0.05,-0.72,10.35,0.64,-17.36,-0.68,0.02,0.03,0.73,10.45,2.23,-16.98,0.05,0.02,-0.02,1.00
10.68,0.65,-17.36,0.69,0.05,0.05,-0.72,10.35,0.64,-17.36,-0.68,0.02,0.03,0.73,10.44,2.23,-16.98,0.05,0.02,-0.02,1.00
10.69,0.65,-17.36,0.69,0.06,0.05,-0.72,10.35,0.64,-17.36,-0.68,0.01,0.03,0.73,10.44,2.23,-16.98,0.05,0.02,-0.02,1.00
10.69,0.65,-17.36,0.69,0.06,0.05,-0.72,10.35,0.64,-17.36,-0.68,0.01,0.03,0.73,10.43,2.23,-16.98,0.05,0.02,-0.01,1.00
10.69,0.65,-17.36,0.69,0.07,0.06,-0.72,10.36,0.64,-17.36,-0.68,0.00,0.02,0.73,10.43,2.23,-16.97,0.05,0.02,-0.01,1.00
10.69,0.65,-17.35,0.69,0.07,0.07,-0.72,10.36,0.64,-17.37,-0.68,-0.01,0.01,0.73,10.42,2.23,-16.97,0.05,0.03,-0.01,1.00
10.70,0.65,-17.34,0.69,0.10,0.09,-0.71,10.37,0.64,-17.38,-0.69,-0.03,-0.01,0.72,10.42,2.23,-16.97,0.05,0.03,0.00,1.00
10.72,0.65,-17.29,0.67,0.19,0.17,-0.69,10.41,0.63,-17.41,-0.69,-0.13,-0.09,0.71,10.41,2.22,-16.97,0.05,0.04,0.00,1.00
10.72,0.65,-17.18,0.62,0.34,0.31,-0.63,10.50,0.63,-17.43,-0.68,-0.28,-0.24,0.64,10.41,2.22,-16.96,0.05,0.05,0.01,1.00
10.69,0.65,-17.11,0.55,0.45,0.42,-0.56,10.58,0.64,-17.43,-0.63,-0.39,-0.34,0.57,10.42,2.21,-16.95,0.04,0.05,0.01,1.00
10.69,0.65,-17.35,0.69,0.09,0.07,-0.71,10.37,0.65,-17.44,-0.66,-0.03,-0.06,0.75,10.45,2.22,-16.94,0.04,0.04,0.00,1.00
10.69,0.65,-17.35,0.69,0.09,0.07,-0.71,10.37,0.65,-17.44,-0.66,-0.03,-0.04,0.75,10.49,2.22,-16.93,0.04,0.04,-0.01,1.00
10.71,0.65,-17.45,0.70,0.08,0.06,-0.71,10.39,0.65,-17.53,-0.65,-0.03,-0.03,0.75,10.55,2.22,-17.01,0.04,0.04,-0.02,1.00
10.75,0.65,-17.64,0.69,0.09,0.08,-0.71,10.43,0.65,-17.73,-0.65,-0.05,-0.05,0.76,10.63,2.21,-17.20,0.04,0.03,-0.03,1.00
10.77,0.66,-17.87,0.71,0.03,0.03,-0.70,10.44,0.65,-17.91,-0.65,0.01,0.00,0.76,10.69,2.20,-17.40,0.04,0.02,-0.02,1.00
10.77,0.67,-17.90,0.68,0.04,0.02,-0.73,10.44,0.65,-17.91,-0.65,0.01,0.00,0.76,10.69,2.20,-17.40,0.05,0.01,-0.03,1.00
10.79,0.67,-18.15,0.70,0.10,-0.03,-0.70,10.46,0.65,-18.11,-0.65,0.00,-0.01,0.76,10.69,2.21,-17.61,0.04,0.02,-0.03,1.00
10.84,0.67,-18.31,0.66,0.08,0.05,-0.74,10.50,0.65,-18.33,-0.66,-0.04,-0.04,0.75,10.69,2.21,-17.81,0.04,0.03,-0.03,1.00
10.85,0.67,-18.53,0.67,0.03,0.01,-0.74,10.51,0.65,-18.50,-0.66,0.01,0.00,0.75,10.70,2.21,-18.01,0.04,0.03,-0.03,1.00
10.84,0.67,-18.54,0.67,0.02,0.00,-0.74,10.51,0.65,-18.50,-0.66,0.02,0.01,0.75,10.69,2.21,-18.01,0.04,0.03,-0.02,1.00
10.84,0.67,-18.64,0.67,0.01,-0.01,-0.74,10.51,0.65,-18.60,-0.66,0.03,0.02,0.75,10.68,2.21,-18.12,0.04,0.03,-0.02,1.00
10.84,0.67,-18.74,0.67,0.01,-0.01,-0.74,10.51,0.65,-18.70,-0.66,0.03,0.02,0.75,10.67,2.21,-18.22,0.04,0.03,-0.02,1.00
10.84,0.67,-18.74,0.67,0.01,-0.01,-0.74,10.51,0.65,-18.70,-0.66,0.04,0.01,0.75,10.68,2.22,-18.23,0.04,0.03,-0.02,1.00
10.84,0.67,-18.85,0.67,0.00,-0.02,-0.74,10.51,0.65,-18.79,-0.66,0.05,0.02,0.75,10.69,2.22,-18.33,0.04,0.03,-0.03,1.00
10.83,0.67,-18.95,0.67,0.00,-0.03,-0.74,10.50,0.65,-18.89,-0.67,0.06,0.03,0.74,10.70,2.22,-18.44,0.04,0.02,-0.04,1.00
10.82,0.67,-19.05,0.67,-0.02,-0.04,-0.74,10.49,0.65,-18.98,-0.67,0.07,0.04,0.74,10.71,2.22,-18.54,0.03,0.02,-0.05,1.00
10.79,0.66,-19.22,0.68,-0.03,-0.04,-0.73,10.46,0.65,-19.16,-0.67,0.11,0.07,0.73,10.69,2.22,-18.75,0.03,0.02,-0.05,1.00
10.71,0.65,-19.38,0.68,-0.18,-0.16,-0.69,10.39,0.65,-19.29,-0.65,0.23,0.18,0.71,10.63,2.23,-18.95,0.02,0.03,-0.05,1.00
10.72,0.64,-19.33,-0.69,0.18,0.16,0.68,10.39,0.65,-19.29,-0.64,0.23,0.18,0.71,10.59,2.23,-18.95,0.02,0.03,-0.04,1.00
10.47,0.64,-19.54,-0.56,0.45,0.46,0.52,10.32,0.65,-19.25,-0.49,0.52,0.45,0.54,10.45,2.23,-19.12,0.03,0.03,-0.02,1.00
10.26,0.64,-19.57,0.54,-0.47,-0.49,-0.50,10.13,0.65,-19.26,-0.47,0.54,0.47,0.51,10.22,2.23,-19.16,0.03,0.03,-0.01,1.00
10.05,0.63,-19.58,0.53,-0.48,-0.50,-0.49,9.94,0.65,-19.26,-0.46,0.55,0.48,0.50,9.99,2.23,-19.17,0.03,0.04,0.00,1.00
10.05,0.63,-19.58,0.53,-0.48,-0.50,-0.49,9.94,0.65,-19.26,-0.45,0.55,0.48,0.51,9.97,2.23,-19.17,0.03,0.03,0.01,1.00
9.87,0.63,-19.59,0.56,-0.45,-0.46,-0.52,9.73,0.65,-19.29,-0.48,0.50,0.46,0.55,9.77,2.23,-19.18,0.04,0.03,0.01,1.00
9.70,0.63,-19.62,0.60,-0.40,-0.41,-0.56,9.55,0.64,-19.33,-0.54,0.45,0.44,0.56,9.59,2.23,-19.21,0.04,0.03,0.01,1.00
9.56,0.63,-19.68,0.65,-0.31,-0.32,-0.61,9.37,0.64,-19.42,-0.61,0.35,0.34,0.62,9.43,2.23,-19.27,0.03,0.03,0.00,1.00
9.29,0.63,-19.77,0.51,-0.50,-0.52,-0.47,9.32,0.63,-19.46,-0.45,0.55,0.53,0.46,9.31,2.24,-19.39,0.03,0.03,-0.01,1.00
9.07,0.64,-19.74,0.47,-0.53,-0.55,-0.44,9.15,0.63,-19.43,-0.41,0.58,0.56,0.41,9.15,2.24,-19.37,0.03,0.03,-0.02,1.00
8.87,0.64,-19.70,0.47,-0.54,-0.56,-0.43,8.96,0.63,-19.39,-0.41,0.59,0.57,0.40,8.99,2.24,-19.33,0.03,0.02,-0.02,1.00
8.87,0.64,-19.70,-0.47,0.54,0.55,0.43,8.96,0.63,-19.39,-0.41,0.59,0.57,0.40,9.02,2.24,-19.33,0.02,0.02,-0.03,1.00
8.70,0.65,-19.67,0.48,-0.52,-0.52,-0.48,8.74,0.63,-19.35,-0.44,0.56,0.55,0.43,8.85,2.24,-19.28,0.02,0.01,-0.03,1.00
8.80,0.65,-19.56,0.69,0.11,0.12,-0.70,8.41,0.63,-19.56,-0.71,0.06,0.05,0.70,8.65,2.23,-19.26,0.03,0.01,-0.03,1.00
8.49,0.64,-19.90,0.55,-0.46,-0.45,-0.53,8.54,0.63,-19.52,-0.43,0.57,0.56,0.42,8.63,2.24,-19.45,0.03,0.02,-0.03,1.00
8.21,0.64,-19.80,0.43,-0.57,-0.58,-0.41,8.43,0.63,-19.50,-0.29,0.65,0.65,0.28,8.41,2.24,-19.42,0.03,0.02,-0.03,1.00
8.05,0.64,-19.68,0.42,-0.57,-0.58,-0.40,8.27,0.63,-19.38,-0.29,0.65,0.65,0.27,8.22,2.24,-19.30,0.03,0.02,-0.02,1.00
8.05,0.64,-19.68,0.42,-0.57,-0.58,-0.40,8.27,0.63,-19.38,-0.29,0.65,0.65,0.27,8.20,2.24,-19.30,0.03,0.02,-0.02,1.00
8.03,0.64,-19.67,0.39,-0.59,-0.60,-0.37,8.29,0.63,-19.39,-0.25,0.66,0.67,0.24,8.19,2.24,-19.29,0.03,0.02,-0.02,1.00
7.87,0.64,-19.51,0.36,-0.61,-0.63,-0.33,8.16,0.63,-19.26,-0.21,0.67,0.68,0.20,8.03,2.24,-19.16,0.04,0.02,-0.02,1.00
7.88,0.64,-19.51,0.36,-0.61,-0.62,-0.34,8.16,0.63,-19.26,-0.22,0.67,0.68,0.20,8.02,2.23,-19.16,0.04,0.02,-0.02,1.00
7.75,0.64,-19.36,0.36,-0.61,-0.62,-0.34,8.02,0.63,-19.11,-0.22,0.67,0.68,0.21,7.88,2.23,-19.01,0.04,0.02,-0.02,1.00
7.61,0.64,-19.21,0.36,-0.61,-0.62,-0.34,7.89,0.63,-18.96,-0.22,0.67,0.68,0.20,7.75,2.23,-18.87,0.04,0.02,-0.02,1.00
7.60,0.64,-19.20,0.34,-0.62,-0.63,-0.32,7.90,0.63,-18.97,-0.19,0.68,0.69,0.18,7.75,2.23,-18.87,0.04,0.02,-0.02,1.00
7.48,0.64,-19.03,0.33,-0.62,-0.64,-0.31,7.79,0.63,-18.81,-0.18,0.68,0.69,0.17,7.62,2.23,-18.71,0.04,0.02,-0.02,1.00
7.48,0.64,-19.03,0.33,-0.62,-0.64,-0.31,7.79,0.63,-18.81,-0.18,0.68,0.69,0.17,7.62,2.23,-18.71,0.04,0.02,-0.02,1.00
7.36,0.64,-18.86,0.31,-0.63,-0.65,-0.29,7.68,0.63,-18.65,-0.16,0.69,0.69,0.15,7.51,2.23,-18.54,0.04,0.03,-0.02,1.00
7.25,0.64,-18.68,0.29,-0.64,-0.65,-0.28,7.58,0.63,-18.49,-0.15,0.69,0.70,0.14,7.40,2.23,-18.37,0.04,0.03,-0.02,1.00
7.15,0.64,-18.50,0.29,-0.64,-0.66,-0.27,7.48,0.63,-18.32,-0.14,0.69,0.70,0.13,7.31,2.23,-18.19,0.04,0.03,-0.02,1.00
7.15,0.64,-18.50,0.29,-0.64,-0.66,-0.27,7.48,0.63,-18.32,-0.14,0.69,0.70,0.13,7.31,2.23,-18.19,0.04,0.04,-0.02,1.00
7.05,0.64,-18.33,0.29,-0.64,-0.66,-0.27,7.38,0.63,-18.14,-0.14,0.69,0.70,0.13,7.22,2.23,-18.01,0.04,0.04,-0.03,1.00
7.05,0.64,-18.33,0.29,-0.64,-0.66,-0.27,7.38,0.63,-18.14,-0.14,0.69,0.70,0.13,7.22,2.23,-18.01,0.05,0.05,-0.03,1.00
6.96,0.64,-18.17,0.31,-0.63,-0.65,-0.29,7.28,0.63,-17.96,-0.16,0.69,0.69,0.16,7.12,2.23,-17.83,0.05,0.05,-0.03,1.00
6.85,0.64,-18.01,0.32,-0.62,-0.64,-0.31,7.16,0.63,-17.79,-0.17,0.68,0.69,0.17,7.02,2.23,-17.66,0.05,0.06,-0.03,1.00
6.74,0.64,-17.85,0.33,-0.62,-0.64,-0.31,7.05,0.63,-17.62,-0.18,0.68,0.69,0.17,6.91,2.23,-17.50,0.05,0.06,-0.03,1.00
6.62,0.64,-17.68,0.32,-0.62,-0.64,-0.31,6.93,0.63,-17.46,-0.18,0.68,0.69,0.17,6.79,2.23,-17.34,0.05,0.06,-0.04,1.00
6.51,0.64,-17.52,0.32,-0.62,-0.64,-0.31,6.82,0.63,-17.30,-0.18,0.68,0.69,0.17,6.68,2.23,-17.17,0.05,0.06,-0.04,1.00
6.51,0.64,-17.52,0.32,-0.62,-0.64,-0.31,6.82,0.63,-17.30,-0.18,0.68,0.69,0.17,6.68,2.23,-17.17,0.05,0.06,-0.04,1.00
6.39,0.64,-17.36,0.33,-0.62,-0.64,-0.31,6.70,0.63,-17.14,-0.18,0.68,0.69,0.17,6.57,2.23,-17.01,0.05,0.06,-0.04,1.00
6.28,0.64,-17.19,0.33,-0.62,-0.64,-0.31,6.58,0.63,-16.97,-0.18,0.68,0.69,0.17,6.45,2.23,-16.85,0.05,0.06,-0.04,1.00
6.16,0.64,-17.03,0.33,-0.62,-0.64,-0.31,6.47,0.63,-16.81,-0.18,0.68,0.69,0.17,6.33,2.23,-16.68,0.05,0.05,-0.04,1.00
6.04,0.64,-16.87,0.32,-0.62,-0.64,-0.31,6.35,0.63,-16.65,-0.18,0.68,0.69,0.17,6.21,2.23,-16.52,0.05,0.06,-0.04,1.00
5.93,0.64,-16.70,0.32,-0.62,-0.64,-0.31,6.24,0.63,-16.48,-0.18,0.68,0.69,0.17,6.10,2.22,-16.36,0.05,0.06,-0.04,1.00
5.93,0.64,-16.70,0.32,-0.62,-0.64,-0.31,6.24,0.63,-16.48,-0.18,0.68,0.69,0.17,6.09,2.22,-16.35,0.06,0.06,-0.03,1.00
5.81,0.64,-16.54,0.32,-0.63,-0.64,-0.31,6.12,0.63,-16.32,-0.18,0.69,0.69,0.17,5.97,2.22,-16.19,0.06,0.06,-0.03,1.00
5.70,0.65,-16.38,0.32,-0.63,-0.63,-0.32,6.00,0.63,-16.16,-0.18,0.68,0.68,0.18,5.85,2.22,-16.03,0.06,0.06,-0.03,1.00
5.99,0.65,-16.10,0.65,0.28,0.27,-0.65,5.66,0.63,-16.28,-0.69,-0.12,-0.13,0.70,5.72,2.22,-15.86,0.06,0.06,-0.02,1.00
6.08,0.65,-16.40,0.70,0.09,0.07,-0.71,5.70,0.63,-16.37,-0.71,0.07,0.07,0.70,5.80,2.21,-16.03,0.06,0.07,-0.01,1.00
5.89,0.65,-16.31,0.38,0.61,0.58,-0.38,5.94,0.63,-16.69,-0.55,-0.48,-0.49,0.48,5.78,2.21,-16.22,0.06,0.07,-0.01,1.00
6.09,0.65,-16.29,0.39,0.61,0.57,-0.39,6.15,0.63,-16.67,-0.61,-0.43,-0.47,0.46,5.98,2.20,-16.18,0.07,0.07,0.00,1.00
6.14,0.65,-16.30,0.46,0.55,0.52,-0.46,6.16,0.64,-16.72,-0.61,-0.41,-0.39,0.56,6.00,2.20,-16.16,0.07,0.07,-0.01,1.00
6.14,0.65,-16.30,0.46,0.55,0.52,-0.46,6.18,0.65,-16.72,-0.54,-0.45,-0.39,0.60,6.03,2.20,-16.15,0.07,0.06,-0.01,1.00
6.47,0.65,-16.51,0.66,0.24,0.22,-0.68,6.12,0.64,-16.69,-0.68,-0.07,-0.06,0.72,6.26,2.19,-16.16,0.07,0.05,-0.02,1.00
6.53,0.65,-16.67,0.65,0.28,0.26,-0.66,6.21,0.63,-16.83,-0.69,-0.11,-0.11,0.71,6.37,2.19,-16.35,0.07,0.05,-0.04,1.00
6.52,0.65,-16.62,0.62,0.35,0.34,-0.62,6.23,0.63,-16.82,-0.68,-0.19,-0.18,0.68,6.41,2.19,-16.35,0.07,0.04,-0.04,1.00
6.51,0.65,-16.66,0.41,0.58,0.57,-0.41,6.47,0.63,-17.01,-0.54,-0.46,-0.45,0.54,6.57,2.19,-16.51,0.07,0.03,-0.05,1.00
6.62,0.65,-17.07,0.63,-0.34,-0.40,-0.57,6.62,0.63,-16.71,-0.48,0.52,0.51,0.49,6.78,2.19,-16.52,0.07,0.02,-0.05,1.00
6.70,0.67,-16.98,0.66,0.19,0.18,-0.70,6.32,0.63,-16.94,-0.70,-0.02,-0.02,0.71,6.58,2.19,-16.55,0.07,0.01,-0.05,1.00
6.75,0.68,-17.05,0.63,0.21,0.19,-0.72,6.32,0.63,-16.94,-0.71,-0.02,-0.02,0.70,6.57,2.19,-16.55,0.06,0.02,-0.05,1.00
6.81,0.67,-16.99,0.53,0.47,0.40,-0.58,6.45,0.62,-17.21,-0.65,-0.29,-0.29,0.64,6.59,2.19,-16.74,0.07,0.02,-0.04,1.00
6.82,0.66,-16.94,0.39,0.60,0.56,-0.41,6.72,0.62,-17.32,-0.54,-0.47,-0.48,0.52,6.73,2.20,-16.83,0.06,0.02,-0.04,1.00
6.98,0.65,-16.93,0.42,0.56,0.56,-0.43,6.89,0.62,-17.31,-0.59,-0.41,-0.42,0.55,6.89,2.20,-16.80,0.06,0.03,-0.03,1.00
6.92,0.64,-17.03,0.10,0.69,0.71,-0.09,7.21,0.62,-17.25,-0.30,-0.63,-0.66,0.27,7.05,2.20,-16.82,0.06,0.04,-0.02,1.00
6.92,0.64,-17.03,0.10,0.70,0.70,-0.09,7.22,0.62,-17.25,-0.31,-0.63,-0.67,0.26,7.02,2.20,-16.82,0.07,0.05,-0.02,1.00
7.01,0.64,-16.90,0.05,0.71,0.70,-0.04,7.35,0.62,-17.07,-0.27,-0.62,-0.71,0.20,7.11,2.20,-16.67,0.07,0.05,-0.01,1.00
7.19,0.64,-16.64,0.23,0.68,0.67,-0.22,7.41,0.63,-16.95,-0.48,-0.48,-0.67,0.29,7.19,2.19,-16.50,0.07,0.06,-0.01,1.00
7.17,0.64,-16.65,0.20,0.69,0.68,-0.18,7.51,0.64,-16.89,-0.35,-0.59,-0.65,0.32,7.20,2.20,-16.50,0.06,0.06,-0.01,1.00
7.47,0.64,-16.71,0.62,0.37,0.34,-0.61,7.29,0.66,-17.12,-0.59,-0.24,-0.22,0.73,7.22,2.20,-16.49,0.06,0.06,-0.01,1.00
7.43,0.64,-16.66,0.56,0.45,0.44,-0.54,7.34,0.65,-17.09,-0.61,-0.33,-0.30,0.66,7.25,2.19,-16.47,0.06,0.06,-0.01,1.00
7.38,0.64,-16.63,0.50,0.52,0.51,-0.48,7.34,0.64,-17.04,-0.58,-0.39,-0.36,0.62,7.29,2.19,-16.46,0.07,0.05,-0.02,1.00
7.64,0.64,-16.74,0.59,0.42,0.41,-0.56,7.42,0.63,-17.06,-0.65,-0.25,-0.25,0.67,7.53,2.19,-16.52,0.07,0.05,-0.03,1.00
7.64,0.64,-16.74,0.60,0.41,0.42,-0.55,7.42,0.63,-17.06,-0.65,-0.25,-0.25,0.67,7.56,2.19,-16.52,0.08,0.04,-0.04,1.00
7.56,0.64,-16.69,0.50,0.50,0.57,-0.43,7.49,0.63,-17.08,-0.58,-0.38,-0.38,0.61,7.58,2.18,-16.53,0.08,0.04,-0.04,1.00
7.59,0.65,-17.15,0.60,-0.38,-0.49,-0.51,7.65,0.63,-16.77,-0.41,0.58,0.55,0.43,7.78,2.18,-16.59,0.08,0.03,-0.04,1.00
7.27,0.66,-17.10,0.50,-0.49,-0.47,-0.53,7.46,0.63,-16.75,-0.39,0.60,0.56,0.41,7.57,2.19,-16.57,0.07,0.03,-0.04,1.00
7.46,0.67,-17.14,0.66,0.06,0.03,-0.74,7.10,0.63,-16.91,-0.68,0.14,0.11,0.71,7.35,2.19,-16.53,0.07,0.04,-0.04,1.00
7.40,0.66,-17.32,0.68,-0.03,-0.03,-0.73,7.07,0.63,-17.08,-0.67,0.20,0.17,0.69,7.28,2.19,-16.72,0.08,0.04,-0.03,1.00
7.32,0.65,-17.32,0.67,-0.21,-0.19,-0.68,7.10,0.63,-16.99,-0.61,0.37,0.33,0.62,7.25,2.20,-16.72,0.07,0.05,-0.03,1.00
7.13,0.65,-17.45,0.65,-0.29,-0.28,-0.65,6.98,0.63,-17.10,-0.58,0.42,0.40,0.57,7.06,2.20,-16.85,0.06,0.06,-0.02,1.00
7.13,0.65,-17.45,0.64,-0.29,-0.28,-0.66,6.97,0.63,-17.10,-0.58,0.42,0.40,0.57,7.02,2.20,-16.86,0.08,0.06,-0.01,1.00
7.20,0.65,-17.43,0.67,-0.18,-0.17,-0.70,6.94,0.63,-17.15,-0.64,0.32,0.31,0.63,7.00,2.20,-16.87,0.07,0.07,-0.01,0.99
6.96,0.65,-17.60,0.60,-0.36,-0.35,-0.63,6.87,0.63,-17.22,-0.53,0.47,0.50,0.50,6.86,2.20,-17.03,0.07,0.08,0.00,0.99
6.89,0.65,-17.25,0.46,0.54,0.51,-0.48,6.82,0.63,-17.63,-0.64,-0.37,-0.40,0.55,6.67,2.20,-17.10,0.07,0.08,0.00,0.99
7.06,0.65,-17.25,0.43,0.57,0.54,-0.44,7.09,0.63,-17.62,-0.56,-0.46,-0.48,0.50,6.89,2.20,-17.12,0.07,0.08,-0.01,0.99
7.20,0.64,-17.43,0.65,0.27,0.25,-0.67,6.90,0.64,-17.66,-0.69,-0.17,-0.14,0.69,6.91,2.21,-17.12,0.06,0.08,-0.01,1.00
7.20,0.64,-17.42,0.65,0.29,0.27,-0.65,6.91,0.64,-17.66,-0.67,-0.17,-0.15,0.70,6.94,2.21,-17.11,0.06,0.07,-0.01,1.00
7.20,0.64,-17.42,0.65,0.28,0.27,-0.65,6.90,0.64,-17.66,-0.67,-0.17,-0.14,0.71,6.98,2.21,-17.10,0.06,0.07,-0.01,1.00
7.18,0.64,-17.36,0.61,0.36,0.35,-0.61,6.95,0.64,-17.67,-0.65,-0.26,-0.22,0.68,7.00,2.21,-17.11,0.06,0.07,-0.02,1.00
7.32,0.64,-17.48,0.60,0.39,0.38,-0.59,7.12,0.64,-17.80,-0.63,-0.29,-0.25,0.68,7.18,2.21,-17.25,0.06,0.07,-0.02,1.00
7.29,0.64,-17.45,0.56,0.44,0.44,-0.55,7.16,0.64,-17.80,-0.60,-0.35,-0.31,0.65,7.19,2.21,-17.26,0.06,0.08,-0.03,0.99
7.29,0.65,-17.43,0.54,0.46,0.46,-0.53,7.18,0.64,-17.80,-0.58,-0.38,-0.34,0.63,7.20,2.21,-17.28,0.06,0.08,-0.03,0.99
7.43,0.65,-17.47,0.48,0.52,0.52,-0.47,7.42,0.64,-17.85,-0.54,-0.45,-0.40,0.59,7.39,2.22,-17.35,0.05,0.08,-0.03,1.00
7.43,0.65,-17.47,0.48,0.52,0.53,-0.47,7.42,0.64,-17.85,-0.54,-0.45,-0.40,0.59,7.39,2.22,-17.36,0.05,0.08,-0.04,1.00
7.43,0.65,-17.89,0.56,-0.44,-0.45,-0.55,7.40,0.64,-17.51,-0.44,0.55,0.51,0.48,7.59,2.22,-17.39,0.05,0.08,-0.03,1.00
7.25,0.64,-17.90,0.58,-0.41,-0.43,-0.56,7.19,0.64,-17.52,-0.46,0.54,0.50,0.50,7.37,2.22,-17.40,0.05,0.08,-0.03,1.00
7.25,0.64,-17.90,0.58,-0.41,-0.42,-0.56,7.18,0.64,-17.52,-0.46,0.53,0.50,0.51,7.36,2.22,-17.40,0.05,0.08,-0.03,1.00
7.26,0.64,-17.90,0.59,-0.40,-0.41,-0.57,7.18,0.64,-17.53,-0.48,0.52,0.49,0.52,7.34,2.23,-17.40,0.05,0.07,-0.02,1.00
7.26,0.64,-17.90,0.59,-0.40,-0.41,-0.57,7.18,0.64,-17.53,-0.48,0.52,0.49,0.52,7.32,2.23,-17.40,0.05,0.07,-0.02,1.00
7.26,0.64,-17.90,0.59,-0.40,-0.41,-0.57,7.18,0.64,-17.53,-0.48,0.51,0.49,0.52,7.30,2.23,-17.41,0.05,0.08,-0.02,1.00
7.27,0.64,-17.91,0.60,-0.38,-0.39,-0.58,7.17,0.64,-17.54,-0.49,0.50,0.48,0.53,7.28,2.23,-17.41,0.05,0.08,-0.02,1.00
7.27,0.64,-17.91,0.60,-0.38,-0.39,-0.59,7.17,0.64,-17.54,-0.49,0.49,0.48,0.53,7.26,2.23,-17.41,0.05,0.08,-0.02,1.00
7.26,0.64,-17.90,0.59,-0.39,-0.40,-0.58,7.17,0.64,-17.53,-0.48,0.50,0.49,0.52,7.25,2.23,-17.42,0.05,0.09,-0.01,1.00
7.17,0.64,-17.50,0.40,0.58,0.59,-0.39,7.27,0.64,-17.87,-0.49,-0.52,-0.49,0.50,7.04,2.23,-17.45,0.05,0.09,-0.01,1.00
7.17,0.64,-17.50,0.40,0.58,0.59,-0.39,7.27,0.64,-17.87,-0.49,-0.52,-0.49,0.49,7.03,2.23,-17.46,0.05,0.09,-0.01,1.00
7.37,0.64,-17.46,0.39,0.59,0.59,-0.38,7.47,0.64,-17.83,-0.49,-0.53,-0.50,0.49,7.23,2.23,-17.43,0.05,0.08,0.00,1.00
7.56,0.64,-17.42,0.39,0.59,0.60,-0.38,7.67,0.64,-17.79,-0.48,-0.53,-0.50,0.48,7.42,2.23,-17.39,0.05,0.08,0.00,1.00
7.58,0.65,-17.43,0.41,0.58,0.58,-0.41,7.66,0.64,-17.80,-0.51,-0.51,-0.48,0.51,7.42,2.23,-17.39,0.05,0.08,0.00,1.00
7.80,0.65,-17.41,0.44,0.56,0.56,-0.43,7.84,0.64,-17.79,-0.53,-0.49,-0.45,0.53,7.62,2.23,-17.37,0.05,0.08,0.00,1.00
8.01,0.65,-17.41,0.46,0.54,0.54,-0.45,8.03,0.64,-17.79,-0.54,-0.47,-0.44,0.54,7.82,2.23,-17.36,0.05,0.08,0.00,1.00
8.23,0.65,-17.43,0.48,0.52,0.52,-0.48,8.21,0.64,-17.81,-0.56,-0.44,-0.41,0.57,8.02,2.23,-17.37,0.05,0.07,0.00,1.00
8.23,0.65,-17.43,0.48,0.52,0.52,-0.48,8.21,0.64,-17.81,-0.56,-0.44,-0.41,0.57,8.02,2.23,-17.36,0.05,0.08,0.00,1.00
8.45,0.65,-17.47,0.51,0.49,0.49,-0.51,8.38,0.64,-17.85,-0.59,-0.41,-0.38,0.59,8.22,2.23,-17.38,0.05,0.08,0.00,1.00
8.46,0.65,-17.48,0.53,0.47,0.46,-0.53,8.36,0.64,-17.85,-0.60,-0.38,-0.35,0.61,8.21,2.23,-17.38,0.06,0.07,0.00,1.00
8.65,0.65,-17.55,0.54,0.47,0.46,-0.53,8.55,0.64,-17.92,-0.61,-0.37,-0.35,0.61,8.40,2.23,-17.44,0.05,0.07,0.00,1.00
8.65,0.65,-17.55,0.53,0.47,0.46,-0.53,8.55,0.64,-17.92,-0.60,-0.38,-0.35,0.61,8.40,2.23,-17.44,0.06,0.07,0.00,1.00
8.65,0.65,-17.54,0.53,0.48,0.47,-0.52,8.56,0.64,-17.92,-0.60,-0.39,-0.36,0.60,8.39,2.22,-17.44,0.06,0.07,0.00,1.00
8.65,0.65,-17.55,0.53,0.48,0.47,-0.52,8.56,0.64,-17.92,-0.60,-0.39,-0.36,0.61,8.39,2.22,-17.43,0.06,0.07,0.00,1.00
8.66,0.65,-17.56,0.55,0.45,0.44,-0.54,8.54,0.64,-17.92,-0.61,-0.36,-0.33,0.62,8.39,2.22,-17.43,0.06,0.08,0.01,1.00
8.66,0.65,-17.56,0.55,0.45,0.44,-0.55,8.54,0.64,-17.92,-0.62,-0.36,-0.33,0.62,8.39,2.22,-17.42,0.06,0.08,0.00,1.00
8.66,0.65,-17.56,0.55,0.45,0.44,-0.55,8.54,0.64,-17.92,-0.62,-0.36,-0.33,0.62,8.39,2.22,-17.42,0.06,0.08,0.00,1.00
8.67,0.65,-17.57,0.56,0.43,0.42,-0.56,8.52,0.64,-17.92,-0.63,-0.34,-0.31,0.63,8.40,2.22,-17.42,0.06,0.08,0.00,1.00
8.67,0.65,-17.57,0.56,0.44,0.43,-0.56,8.53,0.64,-17.92,-0.62,-0.34,-0.31,0.63,8.41,2.21,-17.42,0.06,0.08,-0.01,1.00
8.67,0.65,-17.57,0.56,0.44,0.43,-0.56,8.53,0.64,-17.92,-0.63,-0.34,-0.31,0.63,8.41,2.21,-17.42,0.07,0.07,-0.01,1.00
8.86,0.65,-17.67,0.57,0.42,0.41,-0.57,8.69,0.64,-18.02,-0.63,-0.32,-0.29,0.64,8.60,2.21,-17.52,0.07,0.07,-0.02,0.99
8.85,0.65,-17.67,0.57,0.42,0.41,-0.57,8.69,0.64,-18.02,-0.63,-0.32,-0.29,0.64,8.60,2.21,-17.52,0.07,0.07,-0.02,0.99
8.85,0.65,-17.67,0.57,0.42,0.41,-0.57,8.69,0.64,-18.02,-0.63,-0.32,-0.29,0.64,8.61,2.21,-17.53,0.07,0.07,-0.03,0.99
9.02,0.65,-17.76,0.56,0.45,0.43,-0.55,8.88,0.64,-18.11,-0.62,-0.35,-0.32,0.63,8.79,2.21,-17.64,0.07,0.06,-0.01,1.00
9.18,0.65,-17.82,0.53,0.48,0.47,-0.52,9.09,0.64,-18.19,-0.60,-0.39,-0.36,0.60,8.97,2.22,-17.73,0.07,0.06,-0.01,1.00
9.18,0.65,-17.82,0.53,0.48,0.47,-0.52,9.09,0.64,-18.19,-0.60,-0.39,-0.36,0.60,8.97,2.22,-17.74,0.06,0.06,-0.01,1.00
9.38,0.65,-17.89,0.54,0.47,0.46,-0.53,9.27,0.64,-18.26,-0.61,-0.37,-0.34,0.61,9.16,2.22,-17.81,0.06,0.05,-0.01,1.00
9.40,0.65,-17.91,0.57,0.43,0.42,-0.56,9.25,0.64,-18.26,-0.63,-0.33,-0.30,0.64,9.16,2.22,-17.80,0.06,0.05,-0.01,1.00
9.40,0.65,-17.91,0.57,0.43,0.42,-0.56,9.24,0.64,-18.26,-0.63,-0.33,-0.30,0.64,9.15,2.22,-17.80,0.05,0.06,-0.01,1.00
9.59,0.65,-18.03,0.59,0.39,0.37,-0.60,9.39,0.64,-18.36,-0.65,-0.28,-0.25,0.66,9.31,2.21,-17.88,0.05,0.06,0.00,1.00
9.60,0.65,-18.06,0.62,0.35,0.33,-0.63,9.36,0.64,-18.35,-0.67,-0.24,-0.20,0.67,9.30,2.21,-17.87,0.05,0.06,0.00,1.00
9.59,0.65,-18.03,0.59,0.39,0.37,-0.60,9.39,0.64,-18.36,-0.67,-0.29,-0.25,0.64,9.30,2.20,-17.86,0.04,0.06,-0.01,1.00
9.60,0.65,-18.06,0.61,0.35,0.32,-0.63,9.37,0.64,-18.33,-0.64,-0.27,-0.23,0.68,9.30,2.20,-17.84,0.05,0.05,-0.01,1.00
9.61,0.64,-18.10,0.64,0.29,0.26,-0.66,9.33,0.63,-18.25,-0.68,-0.19,-0.17,0.69,9.33,2.21,-17.83,0.04,0.04,-0.02,1.00
9.52,0.65,-17.96,0.50,0.51,0.49,-0.50,9.36,0.62,-18.24,-0.59,-0.41,-0.41,0.56,9.36,2.20,-17.82,0.04,0.04,-0.02,1.00
9.53,0.64,-17.96,0.50,0.49,0.51,-0.50,9.35,0.62,-18.24,-0.61,-0.40,-0.41,0.55,9.40,2.20,-17.81,0.04,0.03,-0.03,1.00
9.60,0.64,-18.25,0.76,0.06,0.08,-0.64,9.30,0.62,-18.11,-0.72,0.05,0.08,0.68,9.42,2.19,-17.80,0.05,0.04,-0.03,1.00
9.48,0.66,-18.60,-0.70,0.14,0.13,0.69,9.31,0.62,-18.28,-0.69,0.17,0.22,0.66,9.43,2.19,-17.99,0.05,0.04,-0.04,1.00
9.65,0.68,-18.44,0.54,0.48,0.42,-0.55,9.25,0.62,-18.62,-0.63,-0.36,-0.36,0.58,9.35,2.18,-18.16,0.05,0.04,-0.04,1.00
9.83,0.67,-18.56,0.55,0.44,0.39,-0.60,9.43,0.62,-18.67,-0.66,-0.31,-0.31,0.61,9.52,2.17,-18.21,0.06,0.04,-0.05,1.00
9.91,0.66,-18.56,0.52,0.49,0.45,-0.54,9.63,0.62,-18.79,-0.61,-0.40,-0.41,0.55,9.68,2.17,-18.30,0.06,0.05,-0.05,1.00
9.82,0.64,-18.55,0.52,0.47,0.47,-0.53,9.63,0.62,-18.79,-0.61,-0.40,-0.40,0.55,9.65,2.18,-18.30,0.06,0.05,-0.05,1.00
10.03,0.64,-18.80,0.71,-0.05,-0.03,-0.70,9.78,0.62,-18.68,-0.71,0.11,0.15,0.68,9.83,2.18,-18.34,0.05,0.06,-0.05,1.00
9.98,0.64,-19.01,0.71,-0.09,-0.10,-0.69,9.75,0.62,-18.86,-0.70,0.16,0.21,0.66,9.78,2.18,-18.55,0.06,0.07,-0.05,1.00
9.64,0.64,-19.02,0.14,0.68,0.71,-0.12,9.86,0.62,-19.18,-0.26,-0.64,-0.70,0.19,9.71,2.19,-18.75,0.06,0.07,-0.04,1.00
9.64,0.63,-19.01,0.16,0.68,0.70,-0.14,9.86,0.62,-19.19,-0.30,-0.62,-0.70,0.19,9.71,2.19,-18.75,0.05,0.07,-0.04,1.00
9.64,0.63,-19.01,0.16,0.67,0.71,-0.14,9.89,0.62,-19.17,-0.33,-0.57,-0.73,0.19,9.72,2.19,-18.75,0.05,0.08,-0.04,0.99
9.64,0.63,-19.01,0.16,0.67,0.71,-0.13,9.96,0.64,-19.09,-0.21,-0.68,-0.66,0.23,9.74,2.19,-18.74,0.04,0.08,-0.04,1.00
9.81,0.63,-18.95,0.52,0.49,0.51,-0.48,9.89,0.65,-19.28,-0.48,-0.53,-0.39,0.57,9.77,2.19,-18.72,0.04,0.07,-0.04,1.00
9.97,0.63,-18.96,0.46,0.53,0.57,-0.42,10.09,0.64,-19.26,-0.49,-0.52,-0.48,0.51,10.01,2.18,-18.72,0.05,0.07,-0.05,1.00
10.15,0.63,-19.25,0.55,-0.45,-0.48,-0.51,10.08,0.63,-18.94,-0.46,0.53,0.52,0.49,10.24,2.18,-18.69,0.05,0.06,-0.05,1.00
9.98,0.64,-19.27,-0.59,0.41,0.44,0.54,9.90,0.63,-18.97,-0.49,0.50,0.50,0.51,10.06,2.18,-18.72,0.05,0.06,-0.06,1.00
9.98,0.63,-19.27,-0.58,0.41,0.45,0.54,9.96,0.63,-18.97,-0.48,0.50,0.52,0.50,10.08,2.18,-18.74,0.04,0.05,-0.05,1.00
9.87,0.63,-18.99,-0.27,-0.63,-0.68,0.25,10.01,0.62,-19.25,-0.38,-0.59,-0.61,0.35,10.09,2.18,-18.76,0.04,0.05,-0.05,1.00
9.84,0.63,-19.02,-0.17,-0.66,-0.72,0.16,10.03,0.62,-19.26,-0.32,-0.62,-0.66,0.28,10.10,2.19,-18.77,0.03,0.04,-0.05,1.00
9.92,0.63,-18.85,-0.14,-0.66,-0.73,0.13,10.12,0.62,-19.09,-0.30,-0.62,-0.68,0.26,10.19,2.19,-18.60,0.03,0.04,-0.05,1.00
9.99,0.63,-18.65,-0.17,-0.65,-0.72,0.15,10.18,0.62,-18.91,-0.33,-0.61,-0.67,0.27,10.26,2.19,-18.42,0.03,0.04,-0.06,1.00
10.32,0.63,-18.65,-0.72,0.15,0.17,0.65,10.14,0.62,-18.40,-0.67,0.27,0.33,0.61,10.33,2.19,-18.23,0.02,0.04,-0.05,1.00
10.24,0.63,-18.83,-0.72,0.16,0.17,0.65,10.06,0.62,-18.58,-0.66,0.28,0.34,0.61,10.23,2.20,-18.41,0.02,0.04,-0.05,1.00
10.24,0.63,-18.83,-0.72,0.16,0.17,0.65,10.06,0.62,-18.58,-0.66,0.28,0.34,0.61,10.21,2.19,-18.40,0.03,0.04,-0.05,1.00
10.16,0.63,-19.01,-0.72,0.16,0.17,0.66,9.98,0.62,-18.76,-0.66,0.28,0.34,0.61,10.11,2.19,-18.57,0.03,0.04,-0.04,1.00
10.08,0.63,-19.20,-0.72,0.17,0.18,0.66,9.90,0.62,-18.94,-0.66,0.28,0.35,0.60,10.00,2.19,-18.74,0.03,0.05,-0.04,1.00
9.99,0.63,-19.38,-0.71,0.17,0.18,0.66,9.81,0.62,-19.12,-0.67,0.27,0.35,0.60,9.90,2.19,-18.92,0.03,0.05,-0.04,1.00
9.65,0.63,-19.38,-0.18,-0.66,-0.71,0.17,9.84,0.62,-19.63,-0.36,-0.58,-0.68,0.26,9.79,2.19,-19.09,0.03,0.06,-0.03,1.00
9.65,0.63,-19.39,-0.16,-0.67,-0.71,0.15,9.86,0.62,-19.61,-0.37,-0.51,-0.75,0.20,9.79,2.18,-19.09,0.04,0.06,-0.03,1.00
9.73,0.63,-19.19,-0.19,-0.66,-0.71,0.17,9.98,0.63,-19.33,-0.27,-0.64,-0.70,0.17,9.86,2.18,-18.90,0.04,0.05,-0.03,1.00
9.73,0.63,-19.19,-0.19,-0.66,-0.71,0.17,10.00,0.63,-19.24,0.12,0.72,0.67,-0.12,9.88,2.18,-18.90,0.04,0.05,-0.03,1.00
9.94,0.64,-18.95,-0.47,-0.52,-0.57,0.43,10.05,0.63,-19.19,-0.44,-0.56,-0.53,0.45,10.00,2.18,-18.72,0.04,0.05,-0.04,1.00
9.97,0.64,-18.95,-0.52,-0.48,-0.52,0.48,10.02,0.63,-19.21,-0.49,-0.52,-0.49,0.50,10.03,2.18,-18.73,0.04,0.05,-0.04,1.00
10.16,0.64,-18.93,-0.52,-0.48,-0.54,0.47,10.22,0.63,-19.20,-0.48,-0.53,-0.49,0.50,10.25,2.18,-18.73,0.05,0.05,-0.06,1.00
10.13,0.63,-19.25,-0.57,0.44,0.51,0.47,10.05,0.63,-18.99,-0.50,0.49,0.46,0.54,10.26,2.18,-18.74,0.04,0.05,-0.07,1.00
10.10,0.64,-19.26,-0.62,0.39,0.52,0.43,10.05,0.63,-18.99,-0.50,0.49,0.46,0.54,10.25,2.18,-18.75,0.04,0.05,-0.07,1.00
9.97,0.66,-19.29,0.53,-0.46,-0.49,-0.52,10.06,0.63,-18.98,-0.48,0.52,0.49,0.51,10.23,2.19,-18.75,0.03,0.04,-0.06,1.00
10.44,0.67,-19.14,0.66,0.28,0.26,-0.65,10.10,0.63,-19.22,-0.65,-0.23,-0.22,0.69,10.20,2.19,-18.74,0.02,0.05,-0.05,1.00
10.41,0.66,-19.11,0.63,0.28,0.25,-0.68,10.10,0.63,-19.22,-0.65,-0.23,-0.22,0.69,10.17,2.20,-18.74,0.03,0.05,-0.05,1.00
10.47,0.66,-19.40,0.69,0.05,0.04,-0.72,10.16,0.63,-19.33,-0.70,0.00,0.00,0.72,10.26,2.21,-18.89,0.01,0.07,-0.03,1.00
10.49,0.66,-19.60,0.69,0.07,0.05,-0.72,10.17,0.63,-19.53,-0.70,-0.02,-0.01,0.72,10.24,2.22,-19.09,0.00,0.09,-0.02,1.00
10.53,0.66,-19.75,0.68,0.14,0.12,-0.71,10.21,0.63,-19.75,-0.69,-0.09,-0.08,0.71,10.24,2.23,-19.31,-0.01,0.10,0.00,1.00
10.60,0.66,-19.92,0.67,0.17,0.15,-0.71,10.27,0.63,-19.95,-0.69,-0.12,-0.10,0.71,10.29,2.24,-19.51,-0.03,0.10,0.02,0.99
10.68,0.66,-20.09,0.66,0.19,0.17,-0.70,10.35,0.63,-20.14,-0.69,-0.14,-0.12,0.70,10.36,2.24,-19.71,-0.05,0.10,0.04,0.99
10.68,0.66,-20.06,0.65,0.24,0.22,-0.69,10.37,0.63,-20.15,-0.68,-0.19,-0.17,0.69,10.36,2.25,-19.73,-0.06,0.10,0.05,0.99
10.68,0.66,-20.06,0.65,0.24,0.22,-0.69,10.37,0.63,-20.15,-0.68,-0.19,-0.17,0.69,10.36,2.25,-19.74,-0.07,0.11,0.06,0.99
10.69,0.66,-20.04,0.64,0.27,0.24,-0.68,10.38,0.63,-20.15,-0.67,-0.22,-0.19,0.68,10.36,2.25,-19.75,-0.07,0.12,0.06,0.99
10.81,0.66,-20.18,0.64,0.29,0.26,-0.67,10.51,0.63,-20.31,-0.67,-0.24,-0.21,0.67,10.49,2.25,-19.91,-0.07,0.13,0.06,0.99
10.94,0.66,-20.31,0.62,0.31,0.28,-0.66,10.65,0.63,-20.47,-0.66,-0.27,-0.23,0.66,10.62,2.26,-20.07,-0.08,0.14,0.08,0.98
11.08,0.66,-20.44,0.62,0.33,0.30,-0.65,10.80,0.63,-20.61,-0.66,-0.28,-0.25,0.65,10.76,2.26,-20.21,-0.09,0.16,0.09,0.98
11.08,0.66,-20.44,0.62,0.33,0.30,-0.65,10.80,0.63,-20.61,-0.66,-0.28,-0.25,0.65,10.75,2.26,-20.22,-0.11,0.18,0.11,0.97
11.23,0.66,-20.56,0.61,0.35,0.31,-0.64,10.96,0.63,-20.74,-0.66,-0.30,-0.26,0.64,10.90,2.27,-20.36,-0.11,0.19,0.12,0.97
11.38,0.66,-20.67,0.60,0.37,0.33,-0.63,11.13,0.63,-20.87,-0.65,-0.32,-0.28,0.63,11.05,2.27,-20.49,-0.12,0.21,0.12,0.96
11.54,0.66,-20.75,0.57,0.41,0.37,-0.60,11.31,0.63,-20.99,0.64,0.37,0.32,-0.59,11.22,2.27,-20.60,-0.12,0.21,0.13,0.96
11.70,0.66,-20.81,0.55,0.45,0.41,-0.57,11.51,0.63,-21.08,0.64,0.40,0.36,-0.56,11.40,2.27,-20.69,-0.12,0.22,0.13,0.96
11.67,0.66,-20.77,0.51,0.51,0.46,-0.53,11.54,0.63,-21.08,0.65,0.44,0.42,-0.46,11.40,2.27,-20.69,-0.13,0.20,0.12,0.96
11.59,0.65,-21.20,0.57,-0.37,-0.37,-0.63,11.49,0.64,-20.85,-0.60,0.40,0.42,0.55,11.60,2.27,-20.72,-0.17,0.11,0.11,0.97
11.59,0.66,-21.20,0.57,-0.37,-0.37,-0.63,11.48,0.64,-20.84,-0.54,0.42,0.37,0.62,11.61,2.28,-20.73,-0.21,0.00,0.09,0.97
11.91,0.66,-21.07,0.68,0.14,0.11,-0.71,11.54,0.64,-21.15,-0.67,-0.10,-0.08,0.73,11.62,2.30,-20.75,-0.25,-0.08,0.05,0.96
11.91,0.66,-21.05,0.67,0.17,0.13,-0.71,11.55,0.64,-21.16,-0.67,-0.12,-0.10,0.73,11.64,2.30,-20.77,-0.27,-0.15,0.02,0.95
11.98,0.66,-21.25,0.68,0.15,0.12,-0.71,11.61,0.64,-21.34,-0.67,-0.11,-0.09,0.73,11.71,2.31,-20.97,-0.27,-0.21,-0.02,0.94
11.98,0.66,-21.26,0.68,0.14,0.12,-0.71,11.61,0.64,-21.33,-0.67,-0.09,-0.08,0.73,11.71,2.31,-20.99,-0.27,-0.26,-0.05,0.93
12.03,0.66,-21.46,0.68,0.13,0.10,-0.71,11.66,0.64,-21.52,-0.67,-0.08,-0.07,0.73,11.77,2.31,-21.19,-0.26,-0.31,-0.08,0.91
12.03,0.66,-21.46,0.68,0.12,0.11,-0.71,11.66,0.64,-21.52,-0.67,-0.08,-0.07,0.73,11.75,2.31,-21.21,-0.26,-0.36,-0.09,0.89
12.08,0.66,-21.66,0.68,0.11,0.09,-0.72,11.70,0.65,-21.71,-0.67,-0.06,-0.05,0.74,11.79,2.31,-21.42,-0.26,-0.40,-0.10,0.87
12.11,0.66,-21.86,0.68,0.09,0.08,-0.72,11.74,0.64,-21.89,-0.68,-0.04,-0.04,0.74,11.82,2.31,-21.63,-0.25,-0.44,-0.11,0.85
12.11,0.66,-21.88,0.69,0.07,0.06,-0.72,11.73,0.65,-21.88,-0.68,-0.02,-0.02,0.74,11.80,2.31,-21.64,-0.25,-0.48,-0.13,0.83
12.12,0.66,-22.09,0.69,0.05,0.04,-0.72,11.74,0.65,-22.07,-0.68,0.01,0.00,0.74,11.81,2.31,-21.84,-0.24,-0.52,-0.14,0.81
12.12,0.66,-22.30,0.69,0.02,0.02,-0.73,11.74,0.65,-22.26,-0.68,0.03,0.02,0.74,11.81,2.31,-22.05,-0.24,-0.55,-0.15,0.79
12.11,0.66,-22.31,0.69,0.00,0.00,-0.73,11.73,0.64,-22.25,-0.68,0.05,0.04,0.73,11.80,2.31,-22.05,-0.23,-0.58,-0.17,0.76
12.11,0.66,-22.31,0.69,0.00,0.00,-0.73,11.73,0.65,-22.25,-0.68,0.05,0.04,0.73,11.80,2.31,-22.06,-0.22,-0.61,-0.18,0.74
12.10,0.66,-22.32,0.69,-0.02,-0.01,-0.73,11.73,0.65,-22.24,-0.67,0.07,0.05,0.73,11.79,2.31,-22.07,-0.22,-0.64,-0.18,0.72
12.09,0.66,-22.32,0.69,-0.03,-0.02,-0.73,11.73,0.64,-22.24,-0.67,0.08,0.07,0.73,11.79,2.31,-22.08,-0.22,-0.65,-0.18,0.70
12.06,0.66,-22.53,0.68,-0.05,-0.03,-0.73,11.69,0.65,-22.43,-0.67,0.09,0.08,0.73,11.76,2.31,-22.28,-0.22,-0.67,-0.19,0.68
12.05,0.66,-22.53,0.68,-0.06,-0.04,-0.73,11.69,0.64,-22.42,-0.67,0.11,0.09,0.73,11.76,2.31,-22.29,-0.21,-0.68,-0.18,0.68
12.05,0.66,-22.53,0.68,-0.06,-0.04,-0.73,11.69,0.64,-22.42,-0.67,0.11,0.09,0.73,11.75,2.31,-22.28,-0.20,-0.66,-0.18,0.70
12.05,0.66,-22.53,0.68,-0.06,-0.04,-0.73,11.69,0.64,-22.42,-0.67,0.11,0.09,0.73,11.75,2.30,-22.27,-0.18,-0.64,-0.16,0.73
12.05,0.66,-22.53,0.68,-0.06,-0.04,-0.73,11.69,0.64,-22.42,-0.67,0.11,0.09,0.73,11.74,2.29,-22.26,-0.16,-0.59,-0.12,0.78
12.06,0.66,-22.53,0.69,-0.05,-0.04,-0.73,11.69,0.64,-22.42,-0.67,0.10,0.08,0.73,11.74,2.29,-22.24,-0.13,-0.53,-0.10,0.83
12.06,0.66,-22.53,0.69,-0.04,-0.03,-0.73,11.69,0.64,-22.43,-0.67,0.09,0.08,0.73,11.74,2.27,-22.21,-0.09,-0.45,-0.08,0.89
12.07,0.66,-22.52,0.69,-0.03,-0.02,-0.73,11.70,0.64,-22.43,-0.67,0.08,0.07,0.73,11.75,2.27,-22.19,-0.06,-0.37,-0.05,0.92
12.07,0.66,-22.52,0.69,-0.02,-0.01,-0.73,11.70,0.64,-22.44,-0.68,0.07,0.06,0.73,11.75,2.26,-22.18,-0.05,-0.32,-0.04,0.94
12.08,0.66,-22.51,0.69,-0.01,0.00,-0.73,11.70,0.64,-22.44,-0.68,0.06,0.05,0.73,11.76,2.26,-22.17,-0.04,-0.28,-0.04,0.96
12.08,0.66,-22.51,0.69,0.00,0.00,-0.73,11.70,0.64,-22.45,-0.68,0.05,0.04,0.73,11.77,2.26,-22.16,-0.04,-0.25,-0.03,0.97
12.08,0.66,-22.51,0.69,0.00,0.00,-0.73,11.70,0.64,-22.45,-0.68,0.05,0.04,0.73,11.78,2.26,-22.15,-0.04,-0.22,-0.03,0.97
12.08,0.66,-22.50,0.69,0.01,0.01,-0.73,11.71,0.64,-22.45,-0.68,0.04,0.04,0.73,11.79,2.26,-22.14,-0.04,-0.20,-0.03,0.98
12.09,0.66,-22.50,0.69,0.02,0.02,-0.73,11.71,0.65,-22.46,-0.68,0.03,0.03,0.74,11.81,2.26,-22.14,-0.04,-0.17,-0.03,0.98
12.09,0.66,-22.49,0.69,0.03,0.03,-0.73,11.71,0.65,-22.46,-0.68,0.02,0.02,0.74,11.82,2.26,-22.13,-0.04,-0.14,-0.02,0.99
12.10,0.66,-22.49,0.69,0.04,0.04,-0.73,11.72,0.65,-22.47,-0.68,0.01,0.01,0.74,11.83,2.26,-22.13,-0.04,-0.12,-0.02,0.99
12.10,0.66,-22.48,0.69,0.05,0.05,-0.72,11.72,0.64,-22.47,-0.68,0.00,0.00,0.74,11.85,2.26,-22.12,-0.04,-0.09,-0.03,0.99
12.10,0.66,-22.48,0.69,0.06,0.05,-0.72,11.72,0.65,-22.48,-0.68,0.00,-0.01,0.74,11.86,2.26,-22.12,-0.04,-0.07,-0.03,1.00
12.11,0.66,-22.48,0.69,0.06,0.05,-0.72,11.73,0.65,-22.48,-0.68,-0.01,-0.01,0.74,11.87,2.26,-22.12,-0.04,-0.05,-0.03,1.00
12.11,0.66,-22.48,0.69,0.06,0.05,-0.72,11.73,0.65,-22.48,-0.68,-0.01,-0.01,0.74,11.87,2.26,-22.12,-0.04,-0.03,-0.03,1.00
12.11,0.66,-22.48,0.69,0.07,0.06,-0.72,11.73,0.65,-22.48,-0.68,-0.01,-0.01,0.74,11.87,2.26,-22.12,-0.04,-0.02,-0.02,1.00
12.11,0.66,-22.47,0.69,0.07,0.06,-0.72,11.73,0.65,-22.48,-0.68,-0.02,-0.02,0.74,11.87,2.26,-22.12,-0.03,-0.02,-0.03,1.00
12.11,0.66,-22.47,0.68,0.07,0.06,-0.72,11.73,0.65,-22.48,-0.68,-0.02,-0.02,0.74,11.87,2.25,-22.12,-0.03,-0.01,-0.03,1.00
12.11,0.66,-22.47,0.68,0.07,0.06,-0.72,11.73,0.65,-22.48,-0.68,-0.02,-0.02,0.74,11.87,2.25,-22.12,-0.03,-0.01,-0.03,1.00
12.11,0.66,-22.48,0.68,0.06,0.05,-0.72,11.73,0.65,-22.48,-0.68,-0.01,-0.01,0.74,11.87,2.25,-22.12,-0.04,0.00,-0.03,1.00
12.11,0.66,-22.48,0.68,0.06,0.05,-0.72,11.73,0.65,-22.48,-0.68,-0.01,-0.01,0.74,11.87,2.25,-22.12,-0.04,0.00,-0.02,1.00
12.11,0.66,-22.48,0.68,0.06,0.05,-0.72,11.73,0.65,-22.48,-0.68,-0.01,-0.01,0.74,11.87,2.25,-22.12,-0.04,0.00,-0.02,1.00
12.10,0.66,-22.48,0.69,0.06,0.05,-0.72,11.73,0.65,-22.48,-0.68,-0.01,-0.01,0.74,11.87,2.25,-22.12,-0.04,0.01,-0.02,1.00
12.10,0.66,-22.48,0.69,0.06,0.05,-0.72,11.72,0.65,-22.48,-0.68,0.00,-0.01,0.74,11.87,2.25,-22.11,-0.04,0.01,-0.02,1.00
12.10,0.66,-22.48,0.68,0.06,0.05,-0.72,11.72,0.65,-22.48,-0.68,0.00,-0.01,0.74,11.87,2.25,-22.11,-0.04,0.01,-0.02,1.00
12.10,0.66,-22.48,0.68,0.06,0.05,-0.72,11.72,0.65,-22.48,-0.68,0.00,-0.01,0.74,11.88,2.25,-22.11,-0.04,0.01,-0.02,1.00
12.10,0.66,-22.48,0.68,0.06,0.05,-0.72,11.72,0.65,-22.48,-0.68,0.00,-0.01,0.74,11.88,2.25,-22.11,-0.04,0.02,-0.03,1.00
12.10,0.66,-22.48,0.68,0.06,0.05,-0.72,11.72,0.65,-22.48,-0.68,0.00,-0.01,0.74,11.88,2.25,-22.11,-0.04,0.02,-0.03,1.00
12.10,0.66,-22.48,0.68,0.06,0.05,-0.72,11.72,0.65,-22.48,-0.68,0.00,-0.01,0.74,11.88,2.25,-22.11,-0.04,0.01,-0.03,1.00
12.10,0.66,-22.48,0.69,0.06,0.05,-0.72,11.72,0.65,-22.47,-0.68,0.00,0.00,0.74,11.88,2.25,-22.11,-0.03,0.01,-0.03,1.00
12.10,0.66,-22.48,0.69,0.06,0.05,-0.72,11.72,0.65,-22.47,-0.68,0.00,0.00,0.74,11.88,2.25,-22.11,-0.03,0.01,-0.03,1.00
12.10,0.66,-22.48,0.69,0.06,0.05,-0.72,11.72,0.65,-22.47,-0.68,0.00,0.00,0.74,11.88,2.25,-22.11,-0.03,0.02,-0.03,1.00
12.10,0.66,-22.48,0.69,0.05,0.05,-0.72,11.72,0.65,-22.47,-0.68,0.00,0.00,0.74,11.88,2.25,-22.11,-0.03,0.02,-0.02,1.00
12.10,0.66,-22.48,0.69,0.05,0.05,-0.72,11.72,0.65,-22.47,-0.68,0.00,0.00,0.74,11.88,2.25,-22.11,-0.03,0.02,-0.02,1.00
12.10,0.66,-22.48,0.69,0.06,0.05,-0.72,11.72,0.65,-22.47,-0.68,0.00,0.00,0.74,11.88,2.25,-22.11,-0.03,0.02,-0.02,1.00
12.10,0.66,-22.48,0.69,0.06,0.05,-0.72,11.72,0.65,-22.47,-0.68,0.00,0.00,0.74,11.88,2.25,-22.11,-0.03,0.02,-0.02,1.00
12.10,0.66,-22.48,0.69,0.06,0.05,-0.72,11.72,0.65,-22.47,-0.68,0.00,0.00,0.74,11.88,2.25,-22.11,-0.03,0.02,-0.02,1.00
12.10,0.66,-22.48,0.69,0.06,0.05,-0.72,11.72,0.65,-22.47,-0.68,0.00,0.00,0.74,11.88,2.25,-22.11,-0.03,0.02,-0.02,1.00
12.10,0.66,-22.48,0.68,0.06,0.05,-0.72,11.72,0.65,-22.47,-0.68,0.00,0.00,0.74,11.88,2.25,-22.11,-0.03,0.02,-0.02,1.00
12.10,0.66,-22.48,0.68,0.06,0.05,-0.72,11.72,0.65,-22.48,-0.68,0.00,0.00,0.74,11.88,2.25,-22.10,-0.03,0.02,-0.02,1.00
12.10,0.66,-22.48,0.68,0.06,0.05,-0.72,11.72,0.65,-22.48,-0.68,0.00,0.00,0.74,11.88,2.25,-22.10,-0.02,0.02,-0.02,1.00
12.10,0.66,-22.48,0.68,0.06,0.05,-0.72,11.73,0.65,-22.48,-0.68,0.00,0.00,0.74,11.89,2.25,-22.10,-0.02,0.03,-0.02,1.00
12.10,0.66,-22.48,0.68,0.06,0.05,-0.72,11.73,0.65,-22.48,-0.68,0.00,-0.01,0.74,11.90,2.25,-22.10,-0.02,0.03,-0.03,1.00
12.11,0.66,-22.48,0.68,0.07,0.05,-0.72,11.73,0.65,-22.48,-0.67,-0.01,-0.01,0.74,11.91,2.25,-22.10,-0.02,0.03,-0.03,1.00
12.11,0.66,-22.48,0.68,0.07,0.06,-0.72,11.73,0.65,-22.48,-0.67,-0.01,-0.01,0.74,11.92,2.24,-22.10,-0.02,0.03,-0.03,1.00
12.11,0.66,-22.47,0.68,0.07,0.06,-0.72,11.73,0.65,-22.48,-0.67,-0.01,-0.01,0.74,11.93,2.24,-22.09,-0.02,0.03,-0.04,1.00
12.11,0.66,-22.47,0.68,0.07,0.06,-0.72,11.73,0.65,-22.48,-0.67,-0.01,-0.01,0.74,11.94,2.24,-22.10,-0.02,0.04,-0.04,1.00
12.11,0.66,-22.47,0.68,0.07,0.06,-0.72,11.73,0.65,-22.48,-0.67,-0.01,-0.01,0.74,11.94,2.24,-22.10,-0.01,0.04,-0.04,1.00
12.11,0.66,-22.47,0.68,0.07,0.06,-0.72,11.73,0.65,-22.48,-0.67,-0.01,-0.02,0.74,11.95,2.24,-22.10,-0.02,0.04,-0.04,1.00
12.11,0.66,-22.47,0.68,0.07,0.06,-0.72,11.73,0.65,-22.48,-0.67,-0.02,-0.02,0.74,11.95,2.24,-22.10,-0.02,0.04,-0.04,1.00
12.11,0.66,-22.47,0.68,0.08,0.06,-0.72,11.73,0.65,-22.48,-0.67,-0.02,-0.02,0.74,11.95,2.24,-22.10,-0.02,0.04,-0.04,1.00
12.11,0.66,-22.47,0.68,0.08,0.06,-0.72,11.73,0.65,-22.48,-0.67,-0.02,-0.02,0.74,11.94,2.25,-22.11,-0.02,0.04,-0.04,1.00
12.11,0.66,-22.47,0.68,0.08,0.06,-0.72,11.73,0.65,-22.48,-0.67,-0.02,-0.02,0.74,11.94,2.25,-22.11,-0.03,0.04,-0.04,1.00
12.11,0.66,-22.47,0.68,0.07,0.06,-0.72,11.73,0.65,-22.48,-0.67,-0.02,-0.02,0.74,11.93,2.25,-22.11,-0.03,0.04,-0.03,1.00
12.11,0.66,-22.47,0.68,0.07,0.06,-0.72,11.73,0.65,-22.48,-0.67,-0.01,-0.01,0.74,11.93,2.25,-22.11,-0.03,0.04,-0.03,1.00
12.11,0.66,-22.47,0.68,0.07,0.06,-0.72,11.73,0.65,-22.48,-0.67,-0.01,-0.01,0.74,11.92,2.25,-22.11,-0.02,0.04,-0.03,1.00
12.11,0.66,-22.47,0.68,0.07,0.06,-0.72,11.73,0.65,-22.48,-0.67,-0.01,-0.01,0.74,11.92,2.25,-22.11,-0.02,0.04,-0.03,1.00
12.11,0.66,-22.47,0.68,0.07,0.06,-0.72,11.73,0.65,-22.48,-0.67,-0.01,-0.01,0.74,11.91,2.25,-22.11,-0.02,0.03,-0.03,1.00
12.11,0.66,-22.48,0.68,0.07,0.06,-0.72,11.73,0.65,-22.48,-0.68,-0.01,-0.01,0.74,11.91,2.25,-22.11,-0.02,0.03,-0.03,1.00
12.11,0.66,-22.48,0.68,0.06,0.05,-0.72,11.73,0.65,-22.48,-0.68,-0.01,-0.01,0.74,11.90,2.25,-22.11,-0.02,0.03,-0.03,1.00
12.11,0.66,-22.48,0.68,0.07,0.05,-0.72,11.73,0.65,-22.48,-0.68,-0.01,-0.01,0.74,11.89,2.25,-22.11,-0.02,0.03,-0.02,1.00
12.11,0.66,-22.48,0.68,0.06,0.05,-0.72,11.73,0.65,-22.48,-0.68,-0.01,-0.01,0.74,11.89,2.24,-22.10,-0.01,0.02,-0.02,1.00
12.10,0.66,-22.48,0.68,0.06,0.05,-0.72,11.73,0.65,-22.48,-0.68,0.00,0.00,0.74,11.88,2.24,-22.10,-0.01,0.02,-0.02,1.00
12.10,0.66,-22.48,0.68,0.05,0.04,-0.73,11.72,0.65,-22.47,-0.68,0.01,0.00,0.74,11.88,2.24,-22.10,0.00,0.02,-0.02,1.00
12.10,0.66,-22.48,0.68,0.05,0.04,-0.73,11.72,0.65,-22.47,-0.68,0.01,0.00,0.74,11.88,2.24,-22.10,0.00,0.02,-0.02,1.00
12.10,0.66,-22.49,0.68,0.05,0.04,-0.73,11.72,0.65,-22.47,-0.68,0.01,0.01,0.74,11.87,2.24,-22.10,0.00,0.02,-0.02,1.00
12.10,0.66,-22.49,0.68,0.04,0.04,-0.73,11.72,0.65,-22.47,-0.68,0.01,0.01,0.74,11.87,2.24,-22.10,0.00,0.01,-0.02,1.00
12.10,0.66,-22.49,0.68,0.04,0.04,-0.73,11.72,0.65,-22.47,-0.68,0.01,0.01,0.74,11.87,2.24,-22.10,0.00,0.01,-0.02,1.00
12.10,0.66,-22.49,0.68,0.04,0.04,-0.73,11.72,0.65,-22.47,-0.68,0.02,0.01,0.74,11.87,2.24,-22.10,0.00,0.01,-0.02,1.00
12.10,0.66,-22.49,0.68,0.04,0.04,-0.73,11.72,0.65,-22.47,-0.68,0.02,0.01,0.74,11.87,2.24,-22.10,0.00,0.01,-0.02,1.00
12.10,0.66,-22.49,0.68,0.04,0.04,-0.73,11.72,0.65,-22.47,-0.68,0.01,0.01,0.74,11.87,2.24,-22.10,0.00,0.01,-0.02,1.00
12.10,0.66,-22.49,0.69,0.04,0.04,-0.73,11.72,0.65,-22.47,-0.68,0.01,0.01,0.74,11.88,2.24,-22.10,0.00,0.01,-0.02,1.00
12.10,0.66,-22.49,0.69,0.05,0.04,-0.73,11.72,0.65,-22.47,-0.68,0.01,0.01,0.74,11.88,2.24,-22.10,0.00,0.01,-0.02,1.00
12.10,0.66,-22.48,0.68,0.05,0.04,-0.73,11.72,0.65,-22.47,-0.67,0.00,0.00,0.74,11.88,2.24,-22.09,0.00,0.02,-0.02,1.00
12.10,0.66,-22.48,0.68,0.06,0.05,-0.73,11.72,0.65,-22.47,-0.67,0.00,0.00,0.74,11.88,2.24,-22.09,0.00,0.02,-0.02,1.00
12.10,0.66,-22.48,0.68,0.06,0.05,-0.73,11.73,0.65,-22.48,-0.67,0.00,0.00,0.74,11.87,2.23,-22.09,0.01,0.02,-0.02,1.00
12.10,0.66,-22.48,0.68,0.06,0.05,-0.73,11.73,0.65,-22.48,-0.67,0.00,0.00,0.74,11.87,2.23,-22.08,0.01,0.02,-0.02,1.00
12.10,0.66,-22.48,0.68,0.06,0.05,-0.73,11.73,0.65,-22.48,-0.67,0.00,-0.01,0.74,11.86,2.23,-22.08,0.01,0.02,-0.02,1.00
12.11,0.66,-22.48,0.68,0.07,0.05,-0.73,11.73,0.65,-22.48,-0.67,-0.01,-0.01,0.74,11.86,2.23,-22.07,0.01,0.02,-0.02,1.00
12.11,0.66,-22.48,0.68,0.07,0.05,-0.73,11.73,0.65,-22.48,-0.67,-0.01,-0.01,0.74,11.85,2.23,-22.07,0.01,0.03,-0.01,1.00
12.11,0.66,-22.48,0.68,0.07,0.06,-0.73,11.73,0.65,-22.48,-0.67,-0.01,-0.01,0.74,11.84,2.23,-22.06,0.02,0.03,-0.01,1.00
12.11,0.66,-22.47,0.68,0.08,0.06,-0.73,11.73,0.65,-22.48,-0.67,-0.01,-0.02,0.74,11.83,2.22,-22.05,0.02,0.03,0.00,1.00
12.11,0.66,-22.47,0.68,0.08,0.06,-0.73,11.73,0.65,-22.48,-0.67,-0.02,-0.02,0.74,11.82,2.22,-22.05,0.03,0.02,0.01,1.00
12.11,0.66,-22.48,0.68,0.07,0.06,-0.73,11.73,0.65,-22.48,-0.67,-0.01,-0.01,0.74,11.81,2.22,-22.04,0.03,0.01,0.01,1.00
12.11,0.66,-22.48,0.68,0.07,0.05,-0.73,11.73,0.65,-22.48,-0.67,-0.01,-0.01,0.74,11.80,2.21,-22.04,0.03,0.01,0.00,1.00
12.10,0.66,-22.48,0.68,0.06,0.05,-0.73,11.73,0.65,-22.48,-0.68,0.00,-0.01,0.74,11.78,2.21,-22.04,0.03,0.01,0.00,1.00
12.10,0.66,-22.48,0.68,0.06,0.05,-0.73,11.73,0.65,-22.48,-0.68,0.00,-0.01,0.74,11.77,2.21,-22.04,0.04,0.01,0.01,1.00
12.10,0.66,-22.48,0.68,0.06,0.05,-0.73,11.73,0.65,-22.48,-0.68,0.00,0.00,0.73,11.75,2.20,-22.04,0.04,0.02,0.02,1.00
12.11,0.66,-22.47,0.68,0.09,0.06,-0.73,11.73,0.65,-22.49,-0.68,-0.02,-0.02,0.73,11.73,2.20,-22.04,0.04,0.02,0.03,1.00
12.13,0.66,-22.43,0.67,0.15,0.12,-0.72,11.76,0.65,-22.52,-0.69,-0.10,-0.08,0.71,11.72,2.19,-22.05,0.05,0.02,0.04,1.00
12.09,0.66,-22.15,0.50,0.52,0.46,-0.53,12.02,0.64,-22.53,-0.57,-0.44,-0.45,0.53,11.72,2.19,-22.04,0.05,0.03,0.04,1.00
12.15,0.66,-22.31,0.62,0.31,0.26,-0.67,11.89,0.66,-22.56,0.66,0.28,0.24,-0.66,11.74,2.19,-22.04,0.04,0.03,0.03,1.00
12.15,0.66,-22.31,0.62,0.31,0.26,-0.67,11.93,0.65,-22.54,0.60,0.32,0.28,-0.68,11.77,2.19,-22.03,0.04,0.03,0.02,1.00
12.20,0.66,-22.50,0.67,0.15,0.11,-0.72,11.89,0.64,-22.55,0.67,0.13,0.11,-0.72,11.88,2.20,-22.09,0.04,0.02,0.01,1.00
12.21,0.66,-22.48,0.66,0.18,0.14,-0.71,11.89,0.63,-22.52,0.67,0.14,0.13,-0.71,11.93,2.20,-22.09,0.04,0.02,0.00,1.00
12.28,0.66,-22.48,0.57,0.43,0.38,-0.59,12.08,0.63,-22.73,0.58,0.41,0.37,-0.60,12.04,2.20,-22.27,0.04,0.02,-0.01,1.00
12.49,0.66,-22.66,0.65,0.32,0.29,-0.63,12.20,0.63,-22.81,0.64,0.28,0.25,-0.67,12.26,2.20,-22.35,0.04,0.02,-0.03,1.00
12.63,0.68,-22.92,0.65,0.24,0.20,-0.70,12.30,0.63,-22.94,0.67,0.18,0.16,-0.70,12.41,2.20,-22.49,0.04,0.01,-0.03,1.00
12.64,0.69,-22.97,0.61,0.23,0.20,-0.73,12.30,0.63,-22.94,0.67,0.18,0.16,-0.70,12.41,2.20,-22.48,0.03,0.01,-0.04,1.00
12.65,0.67,-23.21,0.65,0.09,0.09,-0.75,12.35,0.63,-23.09,0.69,0.05,0.04,-0.72,12.49,2.20,-22.65,0.04,0.01,-0.04,1.00
12.66,0.66,-23.34,0.67,0.08,0.08,-0.73,12.37,0.63,-23.28,0.69,0.04,0.03,-0.72,12.48,2.20,-22.85,0.03,0.01,-0.03,1.00
12.68,0.65,-23.46,0.69,0.08,0.09,-0.71,12.39,0.63,-23.48,0.69,0.02,0.02,-0.72,12.47,2.21,-23.05,0.03,0.01,-0.03,1.00
12.64,0.64,-23.71,0.69,-0.12,-0.10,-0.71,12.37,0.63,-23.60,0.67,-0.19,-0.19,-0.70,12.44,2.21,-23.26,0.03,0.02,-0.02,1.00
12.68,0.64,-23.64,0.70,0.06,0.07,-0.71,12.39,0.63,-23.67,0.70,0.00,-0.02,-0.72,12.41,2.21,-23.26,0.03,0.02,-0.02,1.00
12.68,0.64,-23.64,0.70,0.07,0.08,-0.70,12.39,0.63,-23.67,0.71,0.01,-0.02,-0.71,12.38,2.20,-23.28,0.03,0.02,-0.01,1.00
12.64,0.64,-23.67,0.58,0.40,0.41,-0.58,12.52,0.63,-23.94,0.67,0.33,0.32,-0.58,12.36,2.20,-23.49,0.03,0.02,-0.01,1.00
12.65,0.64,-23.67,0.58,0.40,0.41,-0.58,12.54,0.63,-23.95,0.69,0.31,0.34,-0.55,12.35,2.21,-23.49,0.03,0.02,-0.01,1.00
12.85,0.64,-23.86,0.67,0.24,0.24,-0.66,12.67,0.65,-24.10,0.68,0.21,0.19,-0.68,12.52,2.21,-23.60,0.02,0.02,-0.01,1.00
12.74,0.64,-24.25,0.59,-0.39,-0.40,-0.58,12.52,0.66,-24.02,0.55,-0.44,-0.37,-0.61,12.63,2.21,-23.77,0.02,0.02,-0.01,1.00
12.52,0.64,-24.27,0.57,-0.42,-0.43,-0.56,12.35,0.65,-24.03,0.54,-0.46,-0.39,-0.59,12.45,2.21,-23.78,0.03,0.02,-0.02,1.00
12.32,0.64,-24.28,0.56,-0.43,-0.44,-0.55,12.18,0.65,-24.03,0.53,-0.46,-0.41,-0.58,12.28,2.21,-23.77,0.03,0.02,-0.02,1.00
12.13,0.64,-24.29,0.57,-0.42,-0.43,-0.56,12.02,0.64,-24.03,0.53,-0.46,-0.43,-0.57,12.11,2.20,-23.77,0.03,0.02,-0.03,1.00
11.94,0.64,-24.31,0.59,-0.40,-0.41,-0.57,11.83,0.64,-24.04,0.53,-0.45,-0.42,-0.58,11.94,2.20,-23.77,0.03,0.01,-0.03,1.00
11.95,0.64,-24.31,0.60,-0.38,-0.39,-0.58,11.82,0.64,-24.05,0.55,-0.43,-0.40,-0.59,11.97,2.20,-23.77,0.03,0.02,-0.03,1.00
11.95,0.64,-24.31,0.61,-0.37,-0.39,-0.58,11.82,0.64,-24.05,0.54,-0.44,-0.40,-0.60,11.99,2.20,-23.78,0.03,0.02,-0.03,1.00
11.74,0.64,-24.35,0.61,-0.39,-0.40,-0.56,11.63,0.64,-24.08,0.53,-0.46,-0.41,-0.59,11.81,2.20,-23.83,0.03,0.01,-0.03,1.00
11.57,0.64,-24.38,0.66,-0.33,-0.35,-0.57,11.42,0.64,-24.14,0.56,-0.41,-0.36,-0.63,11.61,2.20,-23.86,0.02,0.01,-0.03,1.00
11.51,0.64,-24.39,0.63,-0.37,-0.44,-0.52,11.43,0.64,-24.12,0.53,-0.45,-0.40,-0.60,11.61,2.20,-23.87,0.02,0.01,-0.04,1.00
11.61,0.67,-24.37,0.66,0.14,0.11,-0.73,11.30,0.64,-24.38,0.66,0.10,0.10,-0.74,11.39,2.20,-23.90,0.01,0.01,-0.03,1.00
11.60,0.66,-24.35,0.67,0.13,0.11,-0.73,11.30,0.64,-24.38,0.66,0.10,0.10,-0.74,11.36,2.21,-23.89,0.01,0.02,-0.03,1.00
11.58,0.65,-24.32,0.69,0.11,0.12,-0.71,11.29,0.64,-24.38,0.67,0.07,0.08,-0.73,11.32,2.21,-23.89,0.02,0.02,-0.02,1.00
11.55,0.65,-24.36,0.70,0.01,0.01,-0.72,11.25,0.64,-24.34,0.68,-0.04,-0.02,-0.73,11.29,2.21,-23.89,0.01,0.03,-0.02,1.00
11.51,0.65,-24.56,0.70,0.00,0.00,-0.72,11.21,0.64,-24.54,0.68,-0.05,-0.03,-0.73,11.22,2.21,-24.10,0.02,0.03,-0.01,1.00
11.52,0.65,-24.55,0.70,0.02,0.02,-0.72,11.22,0.64,-24.55,0.68,-0.03,-0.01,-0.73,11.20,2.21,-24.11,0.02,0.03,-0.01,1.00
11.49,0.65,-24.75,0.70,0.03,0.03,-0.72,11.19,0.64,-24.75,0.68,-0.01,0.00,-0.73,11.17,2.21,-24.32,0.02,0.03,-0.01,1.00
11.49,0.65,-24.75,0.70,0.03,0.03,-0.72,11.19,0.64,-24.75,0.68,-0.01,0.00,-0.73,11.17,2.22,-24.32,0.02,0.03,0.00,1.00
11.50,0.65,-24.74,0.70,0.04,0.05,-0.71,11.20,0.64,-24.75,0.68,0.00,0.01,-0.73,11.18,2.22,-24.33,0.01,0.03,0.00,1.00
11.50,0.65,-24.73,0.70,0.06,0.06,-0.71,11.20,0.64,-24.76,0.68,0.02,0.02,-0.73,11.19,2.23,-24.34,0.01,0.03,0.00,1.00
11.50,0.65,-24.92,0.70,0.09,0.09,-0.71,11.20,0.64,-24.96,0.68,0.05,0.04,-0.73,11.20,2.23,-24.54,0.01,0.03,0.00,1.00
11.50,0.65,-24.92,0.70,0.09,0.09,-0.71,11.20,0.64,-24.96,0.68,0.05,0.04,-0.73,11.22,2.23,-24.54,0.01,0.03,-0.01,1.00
11.50,0.65,-24.92,0.70,0.07,0.07,-0.71,11.20,0.64,-24.96,0.68,0.03,0.02,-0.73,11.23,2.23,-24.54,0.01,0.03,-0.01,1.00
11.50,0.65,-24.92,0.70,0.07,0.07,-0.71,11.20,0.64,-24.96,0.68,0.03,0.02,-0.73,11.24,2.23,-24.54,0.01,0.04,-0.01,1.00
11.50,0.65,-24.92,0.70,0.07,0.07,-0.71,11.20,0.64,-24.96,0.68,0.03,0.02,-0.73,11.25,2.23,-24.55,0.01,0.04,-0.02,1.00
11.50,0.65,-24.92,0.70,0.08,0.08,-0.71,11.20,0.64,-24.96,0.68,0.04,0.03,-0.73,11.25,2.23,-24.55,0.01,0.04,-0.02,1.00
11.50,0.65,-24.92,0.70,0.08,0.08,-0.71,11.20,0.64,-24.96,0.68,0.03,0.03,-0.73,11.25,2.23,-24.55,0.01,0.04,-0.02,1.00
11.50,0.65,-24.92,0.70,0.08,0.09,-0.71,11.20,0.64,-24.96,0.68,0.04,0.04,-0.73,11.24,2.23,-24.55,0.01,0.04,-0.02,1.00
11.51,0.65,-24.90,0.69,0.11,0.11,-0.70,11.21,0.64,-24.97,0.68,0.07,0.06,-0.72,11.24,2.23,-24.55,0.01,0.04,-0.02,1.00
11.51,0.65,-24.90,0.69,0.11,0.11,-0.70,11.21,0.64,-24.97,0.68,0.07,0.06,-0.72,11.23,2.23,-24.55,0.01,0.04,-0.01,1.00
11.51,0.65,-24.89,0.69,0.13,0.13,-0.70,11.22,0.64,-24.97,0.68,0.09,0.08,-0.72,11.22,2.23,-24.55,0.02,0.04,-0.01,1.00
11.51,0.65,-24.90,0.69,0.12,0.12,-0.70,11.21,0.64,-24.97,0.68,0.08,0.07,-0.72,11.21,2.23,-24.55,0.02,0.04,-0.01,1.00
11.51,0.65,-24.90,0.69,0.12,0.12,-0.70,11.21,0.64,-24.97,0.68,0.07,0.07,-0.72,11.20,2.23,-24.55,0.02,0.03,-0.01,1.00
11.51,0.65,-24.90,0.69,0.11,0.11,-0.70,11.21,0.64,-24.97,0.68,0.06,0.06,-0.72,11.20,2.22,-24.55,0.02,0.03,-0.01,1.00
11.51,0.65,-24.89,0.69,0.12,0.12,-0.70,11.21,0.64,-24.97,0.68,0.08,0.07,-0.72,11.19,2.22,-24.55,0.02,0.04,0.00,1.00
11.51,0.65,-24.88,0.69,0.14,0.14,-0.70,11.22,0.64,-24.98,0.68,0.10,0.09,-0.72,11.18,2.22,-24.56,0.02,0.03,0.00,1.00
11.51,0.65,-24.88,0.68,0.14,0.14,-0.70,11.22,0.64,-24.98,0.68,0.10,0.09,-0.72,11.18,2.22,-24.56,0.02,0.03,0.00,1.00
11.52,0.65,-24.85,0.67,0.19,0.18,-0.69,11.24,0.64,-24.99,0.68,0.16,0.13,-0.70,11.17,2.22,-24.56,0.02,0.03,0.00,1.00
11.51,0.65,-24.78,0.63,0.31,0.29,-0.65,11.30,0.63,-25.01,0.68,0.29,0.23,-0.63,11.17,2.21,-24.56,0.02,0.03,0.01,1.00
11.43,0.65,-24.66,0.48,0.52,0.49,-0.50,11.43,0.64,-24.99,0.60,0.51,0.45,-0.42,11.18,2.21,-24.55,0.02,0.03,0.01,1.00
11.46,0.65,-24.69,0.54,0.46,0.43,-0.56,11.43,0.66,-25.06,0.55,0.43,0.42,-0.58,11.20,2.21,-24.53,0.02,0.03,0.01,1.00
11.60,0.65,-24.93,0.68,0.12,0.11,-0.72,11.27,0.66,-25.10,0.63,0.07,0.11,-0.76,11.32,2.21,-24.55,0.02,0.02,0.00,1.00
11.60,0.65,-24.94,0.68,0.12,0.11,-0.71,11.27,0.64,-25.03,0.68,0.07,0.07,-0.73,11.36,2.20,-24.53,0.02,0.03,-0.01,1.00
11.62,0.65,-25.01,0.67,0.17,0.15,-0.70,11.30,0.63,-25.08,0.68,0.10,0.11,-0.71,11.41,2.20,-24.63,0.03,0.03,-0.01,1.00
11.64,0.65,-25.12,0.69,0.14,0.14,-0.70,11.32,0.63,-25.15,-0.70,-0.05,-0.07,0.71,11.47,2.20,-24.72,0.03,0.02,-0.02,1.00
11.47,0.65,-25.38,0.70,-0.25,-0.28,-0.61,11.34,0.63,-25.07,-0.61,0.36,0.35,0.62,11.51,2.19,-24.83,0.03,0.03,-0.03,1.00
11.13,0.67,-25.50,0.59,-0.39,-0.36,-0.62,11.21,0.63,-25.14,-0.52,0.48,0.45,0.54,11.33,2.20,-24.93,0.03,0.01,-0.03,1.00
11.31,0.70,-25.60,0.64,0.09,0.08,-0.76,10.95,0.63,-25.34,-0.69,0.05,0.04,0.72,11.12,2.20,-24.96,0.02,0.01,-0.02,1.00
11.29,0.68,-25.77,0.64,0.11,0.10,-0.75,10.92,0.63,-25.53,-0.69,0.07,0.05,0.71,11.06,2.20,-25.15,0.03,0.02,-0.02,1.00
11.28,0.67,-25.71,0.66,0.10,0.09,-0.74,10.92,0.63,-25.53,-0.70,0.07,0.05,0.71,11.02,2.19,-25.14,0.03,0.02,0.00,1.00
11.21,0.65,-25.86,0.69,0.00,0.02,-0.72,10.89,0.63,-25.69,-0.69,0.16,0.14,0.69,10.95,2.19,-25.34,0.03,0.02,0.00,1.00
11.11,0.64,-26.00,0.71,-0.09,-0.09,-0.69,10.82,0.63,-25.83,-0.67,0.25,0.24,0.66,10.83,2.19,-25.53,0.03,0.02,0.00,1.00
10.69,0.64,-26.15,0.37,-0.60,-0.63,-0.34,10.92,0.63,-25.90,0.21,-0.65,-0.70,-0.21,10.67,2.18,-25.70,0.03,0.03,0.01,1.00
10.88,0.64,-25.76,0.63,0.32,0.33,-0.63,10.63,0.63,-26.01,0.77,0.18,0.17,-0.59,10.54,2.19,-25.54,0.04,0.03,0.02,1.00
10.73,0.64,-26.20,0.46,-0.54,-0.54,-0.45,10.78,0.64,-25.84,0.39,-0.54,-0.68,-0.32,10.64,2.19,-25.72,0.03,0.03,0.02,1.00
10.73,0.64,-26.20,0.46,-0.54,-0.54,-0.46,10.70,0.66,-25.78,0.37,-0.64,-0.56,-0.37,10.65,2.19,-25.72,0.02,0.03,0.01,1.00
10.84,0.64,-25.95,0.70,0.08,0.07,-0.71,10.46,0.67,-26.18,0.66,-0.05,0.02,-0.75,10.51,2.18,-25.58,0.03,0.03,0.00,1.00
10.78,0.64,-26.03,0.64,0.30,0.29,-0.64,10.58,0.66,-26.38,0.63,0.20,0.21,-0.72,10.50,2.18,-25.75,0.04,0.02,0.00,1.00
10.76,0.64,-26.13,0.51,0.50,0.50,-0.50,10.75,0.64,-26.48,0.56,0.41,0.40,-0.59,10.62,2.19,-25.93,0.03,0.02,-0.01,1.00
10.94,0.64,-26.22,0.51,0.50,0.50,-0.49,10.87,0.63,-26.54,0.57,0.40,0.40,-0.59,10.83,2.18,-26.01,0.03,0.02,-0.02,1.00
10.91,0.64,-26.58,0.63,-0.34,-0.35,-0.60,10.81,0.63,-26.25,0.52,-0.48,-0.45,-0.54,10.86,2.18,-26.01,0.03,0.02,-0.01,1.00
10.86,0.64,-26.58,0.67,-0.29,-0.40,-0.56,10.82,0.63,-26.25,0.51,-0.49,-0.46,-0.54,10.87,2.18,-26.02,0.03,0.02,-0.02,1.00
10.74,0.67,-26.62,0.59,-0.39,-0.35,-0.61,10.82,0.64,-26.25,0.50,-0.50,-0.46,-0.54,10.87,2.18,-26.03,0.04,0.01,-0.01,1.00
11.16,0.69,-26.62,0.61,0.18,0.18,-0.75,10.73,0.63,-26.45,0.68,0.01,0.02,-0.73,10.84,2.18,-26.03,0.03,0.01,0.00,1.00
11.14,0.69,-26.63,0.63,0.17,0.14,-0.74,10.73,0.63,-26.44,-0.69,0.01,0.00,0.72,10.81,2.17,-26.02,0.04,0.01,0.01,1.00
11.07,0.66,-26.80,0.67,0.06,0.06,-0.73,10.72,0.63,-26.61,-0.69,0.09,0.07,0.71,10.76,2.18,-26.21,0.03,0.01,0.02,1.00
10.97,0.65,-26.95,0.70,-0.07,-0.05,-0.71,10.67,0.63,-26.75,-0.67,0.21,0.19,0.68,10.68,2.18,-26.41,0.03,0.02,0.02,1.00
10.67,0.64,-27.14,0.55,-0.45,-0.46,-0.53,10.70,0.63,-26.80,-0.44,0.56,0.55,0.43,10.55,2.18,-26.58,0.03,0.02,0.01,1.00
10.71,0.63,-27.13,0.54,-0.46,-0.46,-0.54,10.70,0.63,-26.79,0.45,-0.54,-0.57,-0.42,10.54,2.18,-26.60,0.04,0.03,0.01,1.00
10.89,0.64,-26.92,0.70,0.14,0.15,-0.68,10.56,0.63,-27.01,0.76,0.02,-0.02,-0.64,10.53,2.18,-26.62,0.03,0.04,0.01,1.00
10.88,0.64,-27.08,0.68,0.21,0.22,-0.67,10.59,0.64,-27.30,0.79,0.08,0.10,-0.60,10.53,2.19,-26.82,0.03,0.04,0.01,1.00
10.60,0.64,-27.45,0.28,-0.65,-0.66,-0.27,10.80,0.65,-27.09,0.19,-0.69,-0.67,-0.18,10.58,2.19,-27.01,0.02,0.04,0.00,1.00
10.69,0.64,-26.98,0.47,0.53,0.53,-0.46,10.92,0.67,-27.37,0.48,0.47,0.46,-0.58,10.53,2.18,-26.80,0.02,0.03,0.00,1.00
10.69,0.64,-26.99,0.48,0.53,0.54,-0.45,10.85,0.65,-27.34,0.49,0.47,0.45,-0.57,10.56,2.18,-26.78,0.04,0.03,-0.01,1.00
10.86,0.64,-27.04,0.45,0.55,0.57,-0.42,10.98,0.64,-27.36,0.49,0.50,0.48,-0.53,10.78,2.18,-26.82,0.02,0.03,-0.01,1.00
11.11,0.64,-27.42,0.61,-0.36,-0.39,-0.59,10.98,0.63,-27.12,0.51,-0.49,-0.47,-0.53,11.01,2.17,-26.84,0.04,0.04,-0.02,1.00
10.89,0.63,-27.43,0.61,-0.38,-0.42,-0.55,10.81,0.63,-27.12,-0.49,0.52,0.50,0.49,10.84,2.17,-26.86,0.03,0.04,-0.01,1.00
10.92,0.64,-27.43,0.69,-0.29,-0.37,-0.55,10.78,0.63,-27.13,-0.53,0.47,0.44,0.55,10.85,2.17,-26.88,0.04,0.04,-0.01,1.00
10.81,0.64,-27.43,0.65,-0.36,-0.47,-0.48,10.80,0.63,-27.12,-0.50,0.51,0.47,0.52,10.86,2.18,-26.89,0.03,0.03,-0.01,1.00
10.68,0.67,-27.49,0.57,-0.40,-0.37,-0.61,10.80,0.64,-27.12,-0.50,0.51,0.47,0.52,10.85,2.18,-26.90,0.03,0.03,-0.01,1.00
10.94,0.69,-27.52,0.64,0.19,0.15,-0.73,10.52,0.64,-27.34,-0.68,-0.01,-0.03,0.73,10.63,2.18,-26.90,0.03,0.03,-0.01,1.00
10.89,0.68,-27.53,0.64,0.10,0.09,-0.76,10.51,0.64,-27.31,-0.69,0.07,0.04,0.72,10.60,2.17,-26.89,0.04,0.03,0.00,1.00
10.82,0.66,-27.67,0.69,0.02,0.03,-0.73,10.48,0.63,-27.49,-0.69,0.13,0.10,0.71,10.54,2.17,-27.07,0.04,0.04,0.00,1.00
10.68,0.64,-27.84,0.68,-0.18,-0.20,-0.68,10.44,0.63,-27.59,-0.63,0.32,0.30,0.64,10.45,2.17,-27.26,0.03,0.04,0.00,1.00
10.59,0.64,-27.84,0.58,-0.43,-0.44,-0.54,10.54,0.63,-27.51,-0.46,0.55,0.53,0.45,10.43,2.17,-27.27,0.04,0.05,0.01,1.00
10.37,0.63,-27.80,0.51,-0.49,-0.52,-0.48,10.38,0.63,-27.48,-0.39,0.60,0.58,0.38,10.22,2.17,-27.26,0.03,0.05,0.00,1.00
10.07,0.63,-27.67,0.28,-0.63,-0.68,-0.26,10.31,0.63,-27.45,-0.14,0.69,0.70,0.13,10.03,2.18,-27.21,0.03,0.05,0.00,1.00
10.07,0.63,-27.67,0.27,-0.63,-0.68,-0.26,10.31,0.63,-27.44,-0.13,0.66,0.73,0.13,10.03,2.19,-27.23,0.03,0.05,0.00,1.00
10.36,0.63,-27.53,0.72,0.11,0.11,-0.68,10.04,0.63,-27.65,0.77,-0.01,-0.07,-0.63,10.05,2.19,-27.23,0.03,0.05,0.00,1.00
10.35,0.63,-27.72,0.72,0.13,0.12,-0.67,10.05,0.65,-27.98,0.68,0.03,0.04,-0.73,10.06,2.19,-27.41,0.03,0.05,0.00,1.00
10.23,0.63,-27.92,0.60,-0.39,-0.42,-0.56,9.91,0.67,-27.64,0.54,-0.50,-0.42,-0.54,10.08,2.18,-27.38,0.03,0.04,-0.01,1.00
10.03,0.63,-27.92,0.60,-0.38,-0.42,-0.56,9.77,0.66,-27.65,0.53,-0.49,-0.41,-0.56,9.91,2.18,-27.36,0.04,0.05,-0.01,1.00
9.86,0.63,-27.92,0.64,-0.33,-0.37,-0.59,9.66,0.64,-27.67,0.55,-0.44,-0.42,-0.58,9.75,2.18,-27.36,0.03,0.04,-0.01,1.00
9.86,0.63,-27.91,0.63,-0.35,-0.38,-0.58,9.74,0.63,-27.65,0.55,-0.45,-0.45,-0.55,9.78,2.17,-27.36,0.03,0.04,-0.02,1.00
9.64,0.63,-27.96,0.60,-0.40,-0.44,-0.53,9.57,0.63,-27.68,-0.51,0.49,0.51,0.49,9.60,2.17,-27.40,0.03,0.04,-0.01,1.00
9.55,0.64,-27.77,0.76,0.07,0.11,-0.64,9.26,0.63,-27.82,-0.70,0.01,0.01,0.71,9.42,2.18,-27.42,0.03,0.04,-0.02,1.00
9.43,0.64,-28.17,0.72,-0.28,-0.40,-0.49,9.35,0.63,-27.88,-0.54,0.45,0.44,0.55,9.41,2.18,-27.64,0.03,0.03,-0.01,1.00
9.11,0.66,-28.29,0.63,-0.34,-0.34,-0.61,9.16,0.63,-27.92,-0.53,0.46,0.45,0.54,9.21,2.19,-27.68,0.02,0.03,-0.02,1.00
9.25,0.69,-28.32,0.63,0.14,0.13,-0.75,8.86,0.63,-28.09,-0.70,0.03,0.02,0.71,8.99,2.18,-27.71,0.03,0.03,-0.01,1.00
9.13,0.68,-28.58,0.65,-0.04,-0.02,-0.76,8.86,0.63,-28.23,-0.68,0.18,0.17,0.68,8.94,2.17,-27.89,0.03,0.04,-0.01,1.00
9.13,0.66,-28.52,0.69,-0.05,-0.04,-0.72,8.86,0.63,-28.23,-0.69,0.18,0.18,0.68,8.90,2.17,-27.87,0.03,0.04,-0.01,1.00
8.92,0.64,-28.68,0.64,-0.29,-0.28,-0.65,8.83,0.63,-28.34,-0.59,0.41,0.41,0.57,8.78,2.17,-28.05,0.03,0.03,0.00,1.00
9.09,0.64,-28.45,0.69,0.19,0.19,-0.68,8.76,0.63,-28.51,-0.71,-0.05,-0.06,0.69,8.76,2.17,-28.05,0.03,0.03,0.00,1.00
9.09,0.64,-28.49,0.71,0.12,0.11,-0.69,8.76,0.63,-28.48,-0.72,0.02,0.02,0.69,8.75,2.17,-28.07,0.04,0.03,0.00,1.00
8.71,0.64,-28.40,-0.05,0.69,0.72,0.06,9.04,0.63,-28.47,-0.09,-0.68,-0.72,0.07,8.76,2.19,-28.09,0.03,0.03,0.00,1.00
8.72,0.64,-28.38,-0.02,0.69,0.72,0.03,9.04,0.63,-28.48,-0.15,-0.67,-0.72,0.12,8.76,2.20,-28.12,0.02,0.04,0.00,1.00
9.12,0.64,-28.34,0.72,0.03,0.02,-0.69,8.80,0.62,-28.24,-0.71,0.14,0.17,0.67,8.83,2.21,-27.94,0.01,0.03,0.00,1.00
9.12,0.64,-28.35,0.73,0.02,0.02,-0.69,8.80,0.62,-28.24,-0.71,0.14,0.17,0.67,8.84,2.22,-27.95,0.01,0.02,0.00,1.00
9.13,0.64,-28.33,0.73,0.04,0.04,-0.68,8.80,0.62,-28.25,-0.72,0.12,0.15,0.67,8.85,2.23,-27.97,0.01,0.01,0.00,1.00
9.09,0.64,-28.53,0.73,0.04,0.05,-0.68,8.76,0.62,-28.44,-0.72,0.12,0.16,0.67,8.82,2.24,-28.19,0.02,0.01,-0.01,1.00
9.05,0.64,-28.72,0.73,0.05,0.06,-0.68,8.72,0.62,-28.65,-0.72,0.11,0.15,0.67,8.79,2.24,-28.40,0.02,0.02,-0.03,1.00
9.03,0.64,-28.91,0.73,0.07,0.08,-0.68,8.69,0.62,-28.85,-0.73,0.09,0.13,0.67,8.77,2.24,-28.62,0.03,0.04,-0.04,1.00
9.01,0.64,-29.11,0.73,0.07,0.09,-0.68,8.67,0.62,-29.05,-0.73,0.09,0.12,0.67,8.75,2.25,-28.83,0.03,0.05,-0.03,1.00
8.99,0.64,-29.30,0.73,0.07,0.09,-0.68,8.65,0.62,-29.25,-0.73,0.09,0.12,0.67,8.73,2.25,-29.04,0.02,0.05,-0.02,1.00
8.99,0.64,-29.30,0.73,0.07,0.09,-0.68,8.65,0.62,-29.25,-0.73,0.09,0.13,0.67,8.73,2.25,-29.05,0.01,0.04,-0.01,1.00
8.97,0.64,-29.50,0.73,0.07,0.09,-0.68,8.63,0.62,-29.45,-0.73,0.08,0.12,0.67,8.71,2.26,-29.25,0.01,0.03,-0.01,1.00
8.96,0.64,-29.70,0.73,0.07,0.09,-0.68,8.62,0.62,-29.65,-0.73,0.08,0.13,0.67,8.69,2.26,-29.45,0.01,0.02,-0.01,1.00
8.94,0.64,-29.90,0.73,0.07,0.08,-0.68,8.60,0.62,-29.85,-0.73,0.09,0.13,0.66,8.67,2.26,-29.65,0.01,0.01,-0.01,1.00
8.94,0.64,-29.90,0.73,0.07,0.08,-0.68,8.60,0.62,-29.85,-0.73,0.09,0.13,0.66,8.67,2.25,-29.65,0.01,0.00,-0.01,1.00
8.94,0.63,-29.90,0.73,0.07,0.08,-0.68,8.60,0.62,-29.85,-0.74,0.09,0.14,0.65,8.66,2.25,-29.65,0.01,0.00,0.00,1.00
8.95,0.63,-29.89,0.72,0.09,0.10,-0.68,8.60,0.63,-29.87,-0.78,0.06,0.13,0.62,8.67,2.25,-29.65,0.01,0.00,-0.01,1.00
8.95,0.64,-29.89,0.72,0.09,0.11,-0.68,8.63,0.64,-29.95,0.71,0.00,-0.04,-0.71,8.68,2.25,-29.64,0.00,0.00,0.00,1.00
8.88,0.64,-30.01,0.72,-0.14,-0.14,-0.67,8.57,0.64,-29.89,-0.67,0.24,0.27,0.64,8.70,2.25,-29.64,0.00,-0.01,0.00,1.00
8.60,0.64,-30.20,0.61,-0.38,-0.40,-0.57,8.46,0.64,-29.91,-0.50,0.49,0.47,0.54,8.59,2.26,-29.79,-0.01,-0.02,0.00,1.00
8.45,0.64,-30.23,0.67,-0.30,-0.32,-0.60,8.25,0.64,-29.97,-0.55,0.42,0.40,0.59,8.42,2.26,-29.81,-0.02,-0.03,0.01,1.00
8.25,0.65,-30.30,0.68,-0.31,-0.35,-0.57,8.06,0.64,-30.03,-0.54,0.44,0.42,0.58,8.25,2.25,-29.88,-0.02,-0.03,0.01,1.00
7.99,0.66,-30.36,0.65,-0.33,-0.46,-0.51,7.88,0.64,-30.06,-0.51,0.48,0.45,0.55,8.07,2.25,-29.94,-0.02,-0.03,0.00,1.00
8.03,0.66,-30.00,0.50,0.50,0.50,-0.50,7.98,0.64,-30.31,-0.52,-0.47,-0.44,0.56,7.88,2.25,-29.97,-0.02,-0.01,0.00,1.00
8.05,0.67,-30.00,0.49,0.52,0.45,-0.53,7.98,0.64,-30.31,-0.52,-0.47,-0.44,0.56,7.88,2.26,-29.98,-0.02,0.01,-0.01,1.00
8.27,0.66,-30.37,0.68,0.07,0.05,-0.73,7.94,0.64,-30.36,-0.68,-0.03,-0.02,0.73,8.06,2.26,-30.01,-0.02,0.02,-0.01,1.00
8.29,0.66,-30.33,0.67,0.13,0.10,-0.72,7.97,0.64,-30.38,-0.68,-0.08,-0.07,0.73,8.04,2.26,-30.02,-0.01,0.01,0.00,1.00
8.29,0.66,-30.33,0.67,0.13,0.11,-0.72,7.97,0.64,-30.38,-0.68,-0.08,-0.08,0.73,8.02,2.26,-30.02,-0.01,0.00,-0.01,1.00
8.29,0.66,-30.33,0.67,0.13,0.11,-0.72,7.97,0.64,-30.38,-0.68,-0.08,-0.07,0.73,7.99,2.26,-30.03,-0.03,-0.04,-0.01,1.00
8.28,0.66,-30.34,0.68,0.11,0.09,-0.72,7.96,0.64,-30.37,-0.68,-0.06,-0.05,0.73,7.97,2.29,-30.04,-0.13,-0.08,-0.03,0.99
8.28,0.66,-30.34,0.68,0.11,0.10,-0.72,7.96,0.64,-30.37,-0.68,-0.06,-0.05,0.73,7.96,2.31,-30.06,-0.21,-0.11,-0.04,0.97
8.28,0.66,-30.34,0.68,0.12,0.10,-0.72,7.96,0.64,-30.37,-0.68,-0.07,-0.05,0.72,7.95,2.31,-30.07,-0.21,-0.12,-0.05,0.97
8.30,0.66,-30.32,0.68,0.15,0.13,-0.71,7.98,0.64,-30.38,-0.68,-0.10,-0.09,0.72,7.95,2.31,-30.07,-0.21,-0.12,-0.06,0.97
8.29,0.66,-30.32,0.68,0.14,0.12,-0.71,7.98,0.64,-30.38,-0.68,-0.09,-0.08,0.72,7.96,2.31,-30.07,-0.21,-0.09,-0.06,0.97
8.34,0.66,-30.53,0.68,0.12,0.10,-0.72,8.02,0.64,-30.57,-0.68,-0.07,-0.06,0.72,8.02,2.31,-30.27,-0.22,-0.03,-0.06,0.97
8.39,0.66,-30.72,0.68,0.13,0.11,-0.72,8.07,0.64,-30.77,-0.68,-0.08,-0.07,0.72,8.07,2.31,-30.47,-0.23,0.01,-0.04,0.97
8.39,0.66,-30.72,0.68,0.13,0.11,-0.72,8.07,0.64,-30.77,-0.68,-0.08,-0.07,0.72,8.07,2.31,-30.47,-0.23,0.02,-0.04,0.97
8.38,0.66,-30.73,0.68,0.11,0.10,-0.72,8.06,0.64,-30.76,-0.68,-0.07,-0.06,0.72,8.07,2.31,-30.47,-0.23,0.02,-0.04,0.97
8.38,0.66,-30.73,0.68,0.12,0.10,-0.72,8.06,0.64,-30.76,-0.68,-0.07,-0.06,0.72,8.07,2.31,-30.47,-0.25,0.02,-0.04,0.97
8.38,0.66,-30.73,0.68,0.12,0.10,-0.72,8.06,0.64,-30.76,-0.68,-0.07,-0.06,0.72,8.07,2.32,-30.47,-0.26,0.01,-0.04,0.96
8.38,0.66,-30.72,0.68,0.12,0.10,-0.72,8.06,0.64,-30.76,-0.68,-0.08,-0.07,0.72,8.06,2.32,-30.47,-0.27,0.00,-0.05,0.96
8.38,0.66,-30.72,0.68,0.12,0.11,-0.72,8.06,0.64,-30.76,-0.68,-0.08,-0.07,0.72,8.06,2.32,-30.48,-0.28,0.00,-0.06,0.96
8.38,0.66,-30.73,0.68,0.11,0.10,-0.72,8.06,0.64,-30.76,-0.68,-0.06,-0.06,0.72,8.05,2.31,-30.47,-0.28,0.01,-0.05,0.96
8.38,0.66,-30.73,0.68,0.10,0.09,-0.72,8.06,0.64,-30.76,-0.68,-0.05,-0.05,0.73,8.04,2.31,-30.46,-0.25,0.01,-0.04,0.97
8.41,0.66,-30.93,0.68,0.11,0.09,-0.72,8.09,0.64,-30.96,-0.68,-0.06,-0.05,0.73,8.07,2.30,-30.64,-0.23,0.01,-0.02,0.97
8.41,0.66,-30.93,0.68,0.11,0.10,-0.72,8.09,0.64,-30.96,-0.68,-0.06,-0.05,0.73,8.06,2.29,-30.63,-0.20,0.01,-0.01,0.98
8.42,0.66,-30.93,0.68,0.11,0.10,-0.72,8.09,0.64,-30.96,-0.68,-0.06,-0.05,0.72,8.05,2.27,-30.61,-0.17,0.01,-0.01,0.99
8.41,0.66,-30.93,0.69,0.10,0.09,-0.71,8.09,0.64,-30.96,-0.69,-0.05,-0.04,0.72,8.04,2.26,-30.59,-0.15,0.00,0.00,0.99
8.42,0.66,-30.93,0.69,0.11,0.10,-0.71,8.09,0.64,-30.96,-0.69,-0.06,-0.05,0.72,8.04,2.25,-30.57,-0.12,0.00,0.00,0.99
8.43,0.66,-30.91,0.68,0.14,0.13,-0.71,8.11,0.64,-30.97,-0.69,-0.09,-0.08,0.71,8.04,2.23,-30.55,-0.10,-0.02,0.00,0.99
8.43,0.66,-30.90,0.68,0.15,0.14,-0.70,8.11,0.64,-30.97,-0.69,-0.10,-0.09,0.71,8.03,2.22,-30.54,-0.09,-0.03,0.00,1.00
8.43,0.66,-30.89,0.68,0.16,0.16,-0.70,8.12,0.64,-30.97,-0.69,-0.12,-0.11,0.70,8.03,2.21,-30.53,-0.08,-0.04,-0.01,1.00
8.44,0.66,-30.88,0.68,0.17,0.17,-0.70,8.13,0.64,-30.97,-0.69,-0.13,-0.12,0.70,8.04,2.21,-30.52,-0.07,-0.05,-0.01,1.00
8.44,0.66,-30.88,0.68,0.17,0.17,-0.70,8.12,0.64,-30.97,-0.69,-0.13,-0.12,0.70,8.04,2.20,-30.51,-0.06,-0.05,-0.01,1.00
8.45,0.66,-30.85,0.67,0.21,0.20,-0.68,8.15,0.63,-30.98,-0.69,-0.17,-0.16,0.69,8.04,2.19,-30.50,-0.04,-0.06,-0.01,1.00
8.45,0.66,-30.82,0.65,0.26,0.25,-0.67,8.17,0.63,-30.98,-0.67,-0.22,-0.20,0.68,8.04,2.19,-30.50,-0.03,-0.07,-0.01,1.00
8.45,0.66,-30.83,0.66,0.23,0.23,-0.68,8.16,0.63,-30.98,0.68,0.20,0.18,-0.68,8.04,2.19,-30.50,-0.02,-0.07,-0.02,1.00
8.45,0.66,-30.83,0.66,0.24,0.23,-0.68,8.16,0.63,-30.98,0.68,0.20,0.18,-0.68,8.04,2.19,-30.51,0.00,-0.08,-0.01,1.00
8.45,0.66,-30.84,0.66,0.23,0.23,-0.68,8.15,0.63,-30.98,0.68,0.19,0.17,-0.68,8.03,2.19,-30.51,0.01,-0.09,-0.01,1.00
8.45,0.66,-30.83,0.66,0.24,0.24,-0.67,8.16,0.63,-30.98,0.68,0.21,0.18,-0.68,8.02,2.19,-30.52,0.02,-0.10,0.00,1.00
8.45,0.66,-30.83,0.66,0.24,0.24,-0.67,8.16,0.63,-30.98,0.68,0.21,0.18,-0.68,8.02,2.20,-30.52,0.04,-0.10,0.00,0.99
8.45,0.66,-30.83,0.66,0.24,0.23,-0.68,8.16,0.64,-30.98,0.68,0.20,0.18,-0.69,8.01,2.20,-30.52,0.05,-0.12,0.00,0.99
8.44,0.66,-30.86,0.67,0.21,0.20,-0.69,8.14,0.64,-30.98,0.68,0.17,0.14,-0.70,7.99,2.20,-30.52,0.07,-0.14,0.01,0.99
8.48,0.66,-30.98,0.67,0.17,0.16,-0.70,8.16,0.64,-31.06,0.68,0.13,0.11,-0.71,8.03,2.20,-30.61,0.09,-0.16,0.01,0.98
8.48,0.66,-30.98,0.68,0.16,0.15,-0.70,8.16,0.64,-31.06,-0.68,-0.12,-0.10,0.71,8.02,2.19,-30.60,0.12,-0.18,0.01,0.98
8.47,0.66,-31.01,0.69,0.12,0.12,-0.71,8.14,0.64,-31.05,0.69,0.09,0.07,-0.72,8.02,2.18,-30.59,0.16,-0.18,0.01,0.97
8.47,0.66,-31.00,0.68,0.13,0.13,-0.70,8.15,0.64,-31.05,0.69,0.09,0.08,-0.72,8.02,2.16,-30.59,0.20,-0.17,0.01,0.97
8.47,0.66,-31.00,0.69,0.13,0.13,-0.70,8.15,0.64,-31.05,0.69,0.09,0.08,-0.71,8.03,2.14,-30.59,0.26,-0.15,0.01,0.95
8.48,0.66,-30.98,0.68,0.17,0.16,-0.70,8.16,0.64,-31.06,0.69,0.13,0.11,-0.71,8.03,2.13,-30.60,0.30,-0.15,0.02,0.94
8.48,0.66,-30.99,0.68,0.16,0.15,-0.70,8.16,0.64,-31.06,0.69,0.12,0.10,-0.71,8.03,2.12,-30.61,0.37,-0.13,0.02,0.92
8.48,0.66,-30.99,0.69,0.15,0.15,-0.70,8.16,0.64,-31.06,0.69,0.11,0.10,-0.71,8.04,2.11,-30.60,0.39,-0.14,0.05,0.91
8.49,0.65,-30.80,0.60,0.37,0.37,-0.60,8.28,0.64,-31.06,-0.62,-0.34,-0.32,0.63,8.04,2.10,-30.59,0.42,-0.14,0.07,0.89
8.49,0.65,-30.94,0.67,0.22,0.22,-0.68,8.19,0.64,-31.07,-0.67,-0.18,-0.17,0.70,8.04,2.09,-30.58,0.42,-0.15,0.10,0.89
8.47,0.65,-30.76,0.57,0.42,0.42,-0.57,8.31,0.64,-31.04,0.59,0.40,0.38,-0.60,8.04,2.10,-30.56,0.44,-0.13,0.11,0.88
8.47,0.65,-30.76,0.57,0.43,0.42,-0.57,8.31,0.64,-31.04,0.59,0.40,0.37,-0.60,8.03,2.11,-30.55,0.45,-0.12,0.09,0.88
8.50,0.65,-30.85,0.63,0.32,0.32,-0.63,8.25,0.64,-31.07,0.64,0.29,0.27,-0.66,8.03,2.12,-30.54,0.46,-0.12,0.08,0.88
8.46,0.66,-30.74,0.55,0.44,0.44,-0.55,8.32,0.64,-31.04,-0.57,-0.42,-0.40,0.58,8.03,2.12,-30.53,0.47,-0.12,0.07,0.87
8.47,0.66,-30.76,0.57,0.42,0.42,-0.57,8.31,0.64,-31.05,0.59,0.39,0.37,-0.60,8.04,2.13,-30.52,0.49,-0.11,0.07,0.86
8.68,0.66,-30.95,0.64,0.30,0.29,-0.64,8.42,0.64,-31.15,0.65,0.26,0.24,-0.67,8.22,2.14,-30.59,0.52,-0.10,0.06,0.85
8.68,0.66,-31.01,0.67,0.23,0.22,-0.67,8.38,0.64,-31.15,0.67,0.19,0.17,-0.69,8.23,2.14,-30.58,0.57,-0.10,0.04,0.81
8.68,0.66,-30.98,0.65,0.27,0.26,-0.66,8.40,0.64,-31.15,0.66,0.23,0.21,-0.68,8.25,2.12,-30.55,0.66,-0.13,0.02,0.74
8.80,0.66,-31.13,0.65,0.28,0.27,-0.65,8.53,0.64,-31.31,0.66,0.24,0.22,-0.68,8.38,2.09,-30.70,0.72,-0.12,-0.01,0.69
8.80,0.66,-31.13,0.65,0.28,0.27,-0.66,8.53,0.64,-31.31,0.66,0.24,0.22,-0.68,8.38,2.04,-30.69,0.77,-0.13,-0.01,0.63
8.92,0.66,-31.34,0.67,0.22,0.21,-0.68,8.62,0.63,-31.46,0.68,0.18,0.16,-0.70,8.50,1.97,-30.84,0.82,-0.14,0.01,0.56
9.02,0.66,-31.49,0.66,0.25,0.24,-0.67,8.73,0.63,-31.64,0.67,0.21,0.18,-0.69,8.59,1.89,-31.02,0.85,-0.14,0.04,0.50
9.02,0.66,-31.46,0.65,0.28,0.27,-0.66,8.75,0.63,-31.64,0.66,0.24,0.22,-0.67,8.58,1.82,-31.03,0.88,-0.14,0.08,0.45
9.15,0.66,-31.59,0.63,0.31,0.29,-0.64,8.89,0.63,-31.79,0.66,0.27,0.24,-0.66,8.69,1.76,-31.21,0.89,-0.13,0.12,0.41
9.14,0.66,-31.54,0.60,0.37,0.36,-0.61,8.93,0.63,-31.79,0.63,0.33,0.31,-0.63,8.68,1.71,-31.23,0.91,-0.13,0.15,0.37
9.28,0.66,-31.58,0.55,0.45,0.43,-0.56,9.14,0.63,-31.88,0.60,0.41,0.39,-0.57,8.83,1.68,-31.37,0.91,-0.13,0.18,0.36
9.44,0.66,-31.61,0.51,0.50,0.48,-0.51,9.36,0.63,-31.93,0.56,0.46,0.44,-0.53,9.01,1.65,-31.46,0.90,-0.14,0.21,0.35
9.44,0.66,-31.61,0.51,0.50,0.48,-0.50,9.36,0.63,-31.93,0.56,0.46,0.44,-0.52,9.00,1.63,-31.46,0.90,-0.21,0.20,0.33
9.58,0.65,-31.59,0.44,0.56,0.55,-0.43,9.59,0.63,-31.92,0.51,0.52,0.52,-0.45,9.20,1.61,-31.50,0.85,-0.33,0.15,0.37
9.74,0.65,-31.54,0.40,0.60,0.58,-0.39,9.81,0.63,-31.86,0.49,0.52,0.61,-0.35,9.39,1.59,-31.48,0.79,-0.41,0.06,0.44
9.88,0.65,-31.47,0.34,0.63,0.61,-0.33,10.07,0.65,-31.77,0.36,0.59,0.65,-0.32,9.58,1.57,-31.43,0.78,-0.45,-0.02,0.43
10.20,0.65,-31.83,0.70,0.05,0.03,-0.71,9.84,0.67,-31.96,0.65,0.03,0.14,-0.75,9.76,1.55,-31.35,0.77,-0.49,-0.06,0.41
10.25,0.65,-31.96,0.69,0.15,0.13,-0.69,9.94,0.68,-32.19,0.59,0.20,0.22,-0.75,9.76,1.53,-31.55,0.74,-0.54,-0.06,0.39
10.27,0.66,-31.89,0.67,0.24,0.23,-0.67,10.04,0.67,-32.19,0.58,0.28,0.32,-0.70,9.76,1.50,-31.55,0.71,-0.60,-0.01,0.37
10.27,0.66,-31.86,0.66,0.28,0.27,-0.65,10.08,0.67,-32.18,0.56,0.31,0.35,-0.69,9.75,1.48,-31.55,0.69,-0.64,0.03,0.34
10.08,0.66,-32.11,0.70,-0.11,-0.11,-0.70,9.70,0.67,-32.04,0.66,-0.14,-0.04,-0.74,9.74,1.45,-31.57,0.69,-0.66,0.10,0.29
10.10,0.66,-32.11,0.70,-0.02,0.02,-0.72,9.70,0.66,-32.04,0.66,-0.14,-0.05,-0.74,9.73,1.43,-31.59,-0.67,0.69,-0.20,-0.20
10.14,0.66,-32.07,0.65,0.14,0.19,-0.72,9.73,0.66,-32.08,0.67,-0.08,0.00,-0.74,9.73,1.42,-31.61,-0.64,0.71,-0.27,-0.13
10.17,0.66,-32.03,0.60,0.27,0.33,-0.68,9.78,0.66,-32.12,0.67,-0.01,0.06,-0.74,9.72,1.41,-31.63,-0.61,0.72,-0.32,-0.08
10.09,0.66,-32.23,0.59,0.28,0.35,-0.67,9.73,0.66,-32.32,0.67,-0.01,0.06,-0.74,9.68,1.39,-31.84,-0.59,0.72,-0.37,-0.05
10.04,0.66,-32.27,0.60,0.23,0.32,-0.70,9.72,0.66,-32.31,0.66,-0.02,0.05,-0.75,9.67,1.38,-31.87,-0.57,0.71,-0.41,-0.01
10.00,0.66,-32.46,0.59,0.24,0.33,-0.70,9.69,0.66,-32.51,0.66,0.00,0.07,-0.75,9.62,1.36,-32.09,-0.56,0.72,-0.42,0.03
9.95,0.66,-32.66,0.60,0.22,0.32,-0.70,9.64,0.67,-32.70,0.65,-0.01,0.06,-0.75,9.57,1.33,-32.31,-0.54,0.73,-0.42,0.05
9.95,0.66,-32.66,0.60,0.22,0.32,-0.70,9.64,0.67,-32.70,0.65,-0.01,0.06,-0.75,9.58,1.30,-32.34,-0.54,0.72,-0.44,0.08
9.90,0.66,-32.86,0.61,0.21,0.31,-0.70,9.58,0.67,-32.89,0.66,-0.02,0.05,-0.75,9.54,1.27,-32.58,-0.52,0.71,-0.46,0.09
9.90,0.66,-32.86,0.61,0.20,0.32,-0.70,9.58,0.67,-32.89,0.66,-0.01,0.05,-0.75,9.55,1.24,-32.60,-0.50,0.70,-0.49,0.12
9.91,0.66,-32.86,0.60,0.21,0.33,-0.70,9.60,0.66,-32.90,0.71,0.04,0.09,-0.69,9.55,1.22,-32.62,-0.50,0.70,-0.49,0.13
9.61,0.66,-33.03,0.68,-0.17,-0.01,-0.71,9.40,0.67,-32.78,0.70,-0.18,-0.36,-0.59,9.51,1.21,-32.84,-0.49,0.71,-0.49,0.16
9.35,0.67,-33.03,0.67,-0.29,-0.13,-0.67,9.23,0.72,-32.73,0.67,-0.26,-0.43,-0.55,9.32,1.20,-32.91,-0.49,0.71,-0.48,0.16
9.17,0.67,-33.05,0.68,-0.24,-0.08,-0.69,8.98,0.79,-32.78,0.72,-0.24,-0.33,-0.56,9.13,1.20,-32.90,-0.49,0.72,-0.48,0.14
9.06,0.67,-33.13,0.68,-0.09,0.05,-0.72,8.71,0.83,-33.00,0.77,-0.15,-0.08,-0.62,8.93,1.19,-32.92,-0.48,0.71,-0.49,0.14
9.06,0.67,-33.13,0.68,-0.09,0.05,-0.72,8.65,0.83,-33.06,0.77,-0.14,0.03,-0.62,8.94,1.18,-32.92,-0.47,0.70,-0.51,0.15
9.14,0.67,-33.16,0.67,0.03,0.16,-0.73,8.70,0.77,-33.33,0.76,0.01,0.27,-0.59,8.95,1.17,-32.92,-0.48,0.69,-0.52,0.16
9.15,0.67,-33.15,0.67,0.05,0.17,-0.72,8.72,0.71,-33.44,0.75,0.09,0.30,-0.58,8.95,1.16,-32.91,-0.48,0.68,-0.53,0.18
9.14,0.66,-33.14,0.67,0.03,0.15,-0.72,8.73,0.66,-33.48,0.76,0.17,0.25,-0.57,8.95,1.13,-32.91,-0.47,0.68,-0.54,0.18
9.11,0.66,-33.13,0.69,-0.01,0.11,-0.72,8.70,0.63,-33.43,0.75,0.19,0.26,-0.57,8.95,1.11,-32.91,-0.45,0.69,-0.54,0.19
9.12,0.66,-33.14,0.69,0.00,0.13,-0.72,8.72,0.60,-33.43,0.71,0.24,0.26,-0.61,8.96,1.08,-32.90,-0.43,0.70,-0.54,0.19
9.04,0.66,-33.10,0.70,-0.13,0.00,-0.70,8.55,0.59,-33.22,0.74,0.14,0.11,-0.65,8.96,1.06,-32.90,-0.42,0.69,-0.55,0.21
9.04,0.66,-33.10,0.70,-0.14,0.01,-0.70,8.54,0.59,-33.21,0.72,0.13,0.10,-0.67,8.98,1.03,-32.90,-0.41,0.69,-0.56,0.22
9.01,0.66,-33.08,0.70,-0.18,-0.04,-0.69,8.51,0.59,-33.13,0.73,0.09,0.06,-0.68,8.99,1.00,-32.90,-0.39,0.68,-0.57,0.24
8.82,0.65,-33.13,0.70,-0.17,-0.03,-0.69,8.32,0.59,-33.19,0.73,0.09,0.06,-0.68,8.82,0.96,-32.95,-0.37,0.67,-0.59,0.25
8.63,0.66,-33.18,0.70,-0.17,-0.03,-0.70,8.13,0.58,-33.24,0.73,0.09,0.07,-0.68,8.65,0.91,-33.00,-0.38,0.64,-0.62,0.26
8.44,0.66,-33.23,0.70,-0.16,-0.02,-0.70,7.94,0.58,-33.31,0.73,0.10,0.08,-0.67,8.48,0.87,-33.05,0.38,-0.61,0.64,-0.26
8.26,0.65,-33.30,0.70,-0.14,-0.01,-0.70,7.76,0.58,-33.39,0.73,0.12,0.10,-0.67,8.31,0.83,-33.12,0.38,-0.60,0.64,-0.30
8.08,0.65,-33.36,0.69,-0.13,0.01,-0.71,7.59,0.59,-33.48,0.73,0.13,0.11,-0.67,8.12,0.79,-33.20,0.40,-0.59,0.63,-0.30
7.89,0.65,-33.44,0.69,-0.13,0.01,-0.71,7.40,0.59,-33.56,0.73,0.13,0.12,-0.67,7.94,0.77,-33.29,-0.38,0.63,-0.61,0.29
7.89,0.66,-33.44,0.69,-0.13,0.01,-0.71,7.40,0.59,-33.56,0.72,0.13,0.12,-0.67,7.94,0.74,-33.31,-0.34,0.66,-0.61,0.27
7.71,0.66,-33.51,0.69,-0.12,0.02,-0.71,7.23,0.58,-33.64,0.72,0.14,0.13,-0.67,7.75,0.72,-33.40,-0.29,0.69,-0.61,0.27
7.53,0.66,-33.59,0.69,-0.12,0.03,-0.72,7.05,0.58,-33.73,0.72,0.14,0.13,-0.67,7.57,0.70,-33.49,-0.26,0.68,-0.62,0.30
7.35,0.66,-33.67,0.69,-0.12,0.03,-0.72,6.87,0.58,-33.81,0.72,0.15,0.13,-0.67,7.40,0.68,-33.56,-0.26,0.67,-0.61,0.33
7.16,0.66,-33.75,0.69,-0.12,0.02,-0.72,6.67,0.59,-33.88,0.72,0.14,0.13,-0.67,7.23,0.69,-33.63,0.17,-0.65,0.67,-0.32
6.98,0.66,-33.83,0.68,-0.12,0.03,-0.72,6.49,0.59,-33.97,0.72,0.15,0.13,-0.67,7.05,0.69,-33.70,0.10,-0.65,0.67,-0.34
6.80,0.66,-33.91,0.68,-0.12,0.03,-0.72,6.31,0.59,-34.05,0.72,0.14,0.13,-0.67,6.86,0.69,-33.76,-0.10,0.71,-0.63,0.30
6.61,0.66,-33.99,0.68,-0.12,0.02,-0.72,6.12,0.60,-34.13,0.71,0.14,0.13,-0.67,6.68,0.68,-33.82,-0.07,0.74,-0.63,0.25
6.61,0.66,-33.99,0.68,-0.12,0.03,-0.72,6.12,0.60,-34.13,0.71,0.14,0.13,-0.68,6.68,0.68,-33.80,-0.07,0.76,-0.62,0.19
6.42,0.66,-34.06,0.68,-0.14,0.01,-0.72,5.92,0.60,-34.19,0.71,0.13,0.11,-0.68,6.50,0.68,-33.85,-0.10,0.85,-0.51,0.07
6.23,0.66,-34.13,0.68,-0.14,0.01,-0.72,5.73,0.60,-34.26,0.71,0.13,0.11,-0.68,6.32,0.67,-33.90,-0.01,0.90,-0.44,0.02
6.04,0.66,-34.20,0.69,-0.14,0.00,-0.71,5.54,0.60,-34.31,0.71,0.12,0.10,-0.69,6.13,0.66,-33.97,0.04,0.89,-0.45,0.03
5.84,0.66,-34.26,0.68,-0.15,-0.01,-0.71,5.34,0.60,-34.36,0.71,0.11,0.09,-0.69,5.94,0.67,-34.04,0.04,0.88,-0.47,0.02
5.65,0.66,-34.32,0.68,-0.16,-0.01,-0.71,5.15,0.60,-34.41,0.71,0.11,0.09,-0.69,5.75,0.67,-34.10,0.04,0.89,-0.46,0.01
5.46,0.66,-34.38,0.69,-0.15,-0.01,-0.71,4.97,0.59,-34.48,0.71,0.11,0.10,-0.69,5.56,0.67,-34.16,0.04,0.88,-0.47,0.03
5.28,0.66,-34.45,0.69,-0.14,0.00,-0.71,4.78,0.60,-34.56,0.71,0.12,0.11,-0.68,5.37,0.67,-34.22,0.04,0.88,-0.47,0.03
5.28,0.66,-34.45,0.69,-0.14,0.00,-0.71,4.78,0.60,-34.56,0.71,0.12,0.11,-0.68,5.37,0.67,-34.22,0.04,0.88,-0.47,0.03
5.10,0.66,-34.52,0.69,-0.13,0.01,-0.71,4.60,0.60,-34.64,0.71,0.13,0.12,-0.68,5.18,0.67,-34.29,0.04,0.88,-0.47,0.03
4.92,0.66,-34.59,0.69,-0.12,0.02,-0.71,4.42,0.60,-34.73,0.71,0.13,0.13,-0.68,4.99,0.67,-34.36,0.04,0.88,-0.47,0.03
4.73,0.66,-34.67,0.69,-0.12,0.02,-0.71,4.24,0.60,-34.81,0.71,0.13,0.13,-0.68,4.81,0.67,-34.44,0.04,0.88,-0.47,0.03
4.55,0.66,-34.75,0.69,-0.11,0.03,-0.71,4.06,0.60,-34.90,0.71,0.14,0.14,-0.68,4.62,0.67,-34.51,0.04,0.88,-0.47,0.03
4.38,0.66,-34.83,0.69,-0.10,0.04,-0.71,3.89,0.60,-34.99,0.71,0.15,0.14,-0.67,4.44,0.67,-34.59,0.03,0.88,-0.47,0.03
4.19,0.66,-34.92,0.70,-0.10,0.04,-0.71,3.70,0.60,-35.07,0.71,0.15,0.14,-0.67,4.26,0.67,-34.68,0.03,0.88,-0.47,0.03
4.01,0.66,-35.00,0.70,-0.10,0.04,-0.71,3.53,0.60,-35.16,0.71,0.15,0.14,-0.67,4.08,0.67,-34.76,0.03,0.88,-0.47,0.03
3.82,0.66,-35.08,0.70,-0.11,0.02,-0.70,3.32,0.60,-35.21,0.72,0.13,0.12,-0.68,3.89,0.67,-34.85,0.03,0.88,-0.48,0.03
3.83,0.66,-35.08,0.71,-0.08,0.06,-0.69,3.32,0.60,-35.21,0.72,0.13,0.12,-0.67,3.89,0.67,-34.85,0.03,0.88,-0.48,0.03
3.61,0.65,-35.14,0.74,-0.10,0.01,-0.67,3.09,0.60,-35.20,0.72,0.09,0.07,-0.68,3.71,0.67,-34.92,0.03,0.88,-0.48,0.03
3.41,0.65,-35.18,0.74,-0.11,0.01,-0.66,2.89,0.59,-35.21,0.72,0.06,0.05,-0.68,3.51,0.67,-34.97,0.03,0.88,-0.48,0.04
3.21,0.65,-35.21,0.76,-0.09,0.02,-0.65,2.69,0.59,-35.23,0.73,0.06,0.05,-0.68,3.32,0.67,-35.01,0.03,0.88,-0.48,0.04
2.99,0.66,-35.23,0.77,-0.11,-0.01,-0.63,2.47,0.59,-35.19,0.73,0.02,0.00,-0.68,3.12,0.67,-35.04,0.03,0.88,-0.48,0.04
2.79,0.65,-35.23,0.78,-0.11,-0.01,-0.62,2.27,0.59,-35.18,0.73,0.01,-0.01,-0.68,2.92,0.67,-35.05,0.03,0.88,-0.48,0.04
2.60,0.65,-35.24,0.79,-0.07,0.03,-0.61,2.07,0.59,-35.21,0.74,0.02,0.01,-0.68,2.72,0.67,-35.06,0.03,0.88,-0.48,0.04
2.60,0.65,-35.24,0.79,-0.04,0.06,-0.60,2.07,0.59,-35.21,0.73,0.03,0.01,-0.68,2.72,0.67,-35.06,0.03,0.88,-0.48,0.04
2.37,0.66,-35.21,0.82,-0.01,0.02,-0.58,1.86,0.59,-35.11,0.73,-0.03,-0.06,-0.68,2.52,0.67,-35.07,0.03,0.88,-0.48,0.04
2.14,0.67,-35.17,0.85,0.00,0.00,-0.52,1.66,0.59,-35.11,0.73,-0.02,-0.04,-0.68,2.32,0.67,-35.05,0.03,0.88,-0.48,0.04
1.91,0.67,-35.09,0.89,-0.02,-0.10,-0.44,1.46,0.59,-35.02,0.73,-0.06,-0.08,-0.68,2.12,0.67,-35.04,0.03,0.88,-0.48,0.03
1.69,0.67,-35.05,0.89,-0.09,0.01,-0.44,1.26,0.59,-35.04,0.73,-0.03,-0.05,-0.68,1.93,0.67,-35.00,0.03,0.88,-0.48,0.04
1.71,0.66,-35.08,0.87,-0.04,0.11,-0.48,1.27,0.59,-35.14,0.74,0.02,0.00,-0.68,1.93,0.67,-35.00,0.03,0.88,-0.48,0.04
1.70,0.67,-35.09,0.88,-0.05,0.07,-0.47,1.27,0.59,-35.14,0.74,0.02,0.00,-0.68,1.93,0.67,-35.00,0.03,0.88,-0.48,0.04
1.70,0.67,-35.06,0.90,-0.06,-0.03,-0.44,1.26,0.59,-35.07,0.73,-0.02,-0.04,-0.68,1.93,0.67,-35.00,0.03,0.88,-0.48,0.04
1.68,0.67,-35.03,0.90,-0.08,-0.08,-0.41,1.26,0.59,-35.00,0.73,-0.05,-0.07,-0.68,1.93,0.67,-35.00,0.03,0.88,-0.48,0.04
1.66,0.67,-35.04,0.90,-0.12,-0.03,-0.42,1.26,0.59,-35.05,0.73,-0.03,-0.04,-0.68,1.93,0.67,-35.00,0.03,0.88,-0.48,0.04
1.66,0.67,-35.05,0.90,-0.09,0.00,-0.43,1.27,0.59,-35.08,0.73,-0.01,-0.03,-0.68,1.93,0.67,-35.00,0.03,0.88,-0.48,0.04
1.66,0.67,-35.04,0.90,-0.10,-0.02,-0.43,1.26,0.59,-35.06,0.73,-0.03,-0.04,-0.68,1.93,0.67,-35.00,0.03,0.88,-0.48,0.04
1.66,0.67,-35.04,0.90,-0.09,-0.04,-0.43,1.26,0.59,-35.06,0.73,-0.02,-0.04,-0.68,1.93,0.67,-35.00,0.03,0.88,-0.48,0.04
1.66,0.67,-35.02,0.91,-0.07,-0.09,-0.39,1.26,0.59,-35.02,0.73,-0.04,-0.06,-0.68,1.93,0.67,-35.00,0.03,0.88,-0.48,0.04
1.64,0.69,-35.00,0.92,-0.07,-0.17,-0.35,1.26,0.59,-35.02,0.73,-0.05,-0.06,-0.68,1.93,0.67,-35.00,0.03,0.88,-0.48,0.04
1.64,0.73,-34.94,0.91,-0.04,-0.23,-0.34,1.27,0.59,-34.94,0.73,-0.08,-0.11,-0.67,1.93,0.67,-35.00,0.03,0.88,-0.48,0.04
1.65,0.79,-34.86,0.90,-0.05,-0.32,-0.30,1.29,0.59,-34.82,0.71,-0.13,-0.17,-0.67,1.93,0.67,-35.00,0.03,0.88,-0.48,0.04
1.63,0.84,-34.83,0.91,-0.08,-0.32,-0.24,1.29,0.59,-34.81,0.71,-0.14,-0.17,-0.66,1.93,0.67,-35.00,0.03,0.88,-0.48,0.04
1.57,0.89,-34.84,0.93,-0.12,-0.26,-0.22,1.28,0.59,-34.87,0.72,-0.11,-0.14,-0.67,1.93,0.67,-35.00,0.03,0.88,-0.48,0.04
1.50,0.91,-34.87,0.93,-0.19,-0.21,-0.23,1.27,0.59,-34.91,0.72,-0.09,-0.12,-0.67,1.93,0.67,-35.00,0.03,0.88,-0.48,0.04
1.43,0.88,-34.93,0.90,-0.23,-0.20,-0.31,1.27,0.59,-34.91,0.72,-0.09,-0.12,-0.68,1.93,0.67,-35.00,0.03,0.88,-0.48,0.04
1.35,0.82,-35.02,0.85,-0.27,-0.19,-0.41,1.27,0.59,-34.92,0.72,-0.08,-0.12,-0.68,1.93,0.67,-35.00,0.03,0.88,-0.48,0.04
1.27,0.74,-35.11,0.82,-0.28,-0.20,-0.46,1.27,0.59,-34.92,0.72,-0.08,-0.12,-0.68,1.93,0.67,-35.00,0.03,0.88,-0.48,0.04
1.19,0.67,-35.19,0.81,-0.28,-0.17,-0.49,1.27,0.59,-34.90,0.72,-0.09,-0.13,-0.68,1.93,0.67,-35.00,0.03,0.88,-0.48,0.04
1.16,0.62,-35.38,0.79,-0.27,-0.10,-0.54,1.26,0.59,-34.97,0.72,-0.05,-0.10,-0.68,1.93,0.67,-35.00,0.03,0.88,-0.48,0.04
0.94,0.61,-35.47,0.75,-0.29,-0.14,-0.58,1.06,0.59,-34.98,0.73,-0.03,-0.08,-0.68,1.73,0.67,-34.96,0.03,0.88,-0.48,0.04
0.91,0.58,-35.53,0.73,-0.29,-0.16,-0.59,1.06,0.59,-35.00,0.73,-0.01,-0.07,-0.68,1.73,0.67,-34.96,0.03,0.88,-0.48,0.04
0.64,0.51,-35.39,0.76,-0.30,-0.23,-0.52,0.87,0.59,-34.88,0.73,-0.06,-0.12,-0.67,1.53,0.67,-34.94,0.03,0.88,-0.48,0.04
1.86,0.36,-35.83,0.70,0.20,0.37,-0.58,1.32,0.59,-35.62,0.61,0.43,0.43,-0.50,1.34,0.67,-34.89,0.03,0.88,-0.48,0.04
0.44,0.44,-35.25,0.71,-0.29,-0.26,-0.58,0.67,0.59,-34.79,0.74,-0.07,-0.17,-0.64,1.34,0.67,-34.89,0.03,0.88,-0.48,0.04
0.44,0.45,-35.26,0.71,-0.32,-0.24,-0.58,0.66,0.59,-34.81,0.82,0.00,-0.30,-0.50,1.34,0.67,-34.89,0.03,0.88,-0.48,0.04
0.53,0.45,-35.43,0.72,-0.26,-0.17,-0.62,0.64,0.63,-34.96,0.89,0.08,-0.34,-0.27,1.34,0.67,-34.89,0.03,0.88,-0.48,0.04
0.58,0.44,-35.49,0.72,-0.25,-0.14,-0.63,0.60,0.68,-35.10,0.92,0.08,-0.26,-0.29,1.34,0.67,-34.89,0.03,0.88,-0.48,0.04
0.64,0.44,-35.56,0.72,-0.22,-0.10,-0.65,0.56,0.66,-35.31,0.91,0.08,-0.15,-0.38,1.34,0.67,-34.89,0.03,0.88,-0.48,0.04
0.66,0.43,-35.58,0.72,-0.22,-0.08,-0.65,0.54,0.60,-35.52,0.84,0.13,-0.10,-0.52,1.33,0.67,-34.89,0.03,0.88,-0.48,0.04
0.59,0.43,-35.48,0.72,-0.26,-0.13,-0.63,0.40,0.52,-35.62,0.76,0.08,-0.11,-0.64,1.33,0.67,-34.89,0.03,0.88,-0.48,0.04
2.34,0.42,-34.76,0.29,0.55,0.67,-0.40,2.77,0.51,-34.58,0.21,0.72,0.63,-0.19,1.33,0.67,-34.89,0.03,0.88,-0.48,0.04
2.19,0.42,-35.45,0.52,0.38,0.52,-0.57,2.77,0.57,-35.58,0.27,0.68,0.48,-0.49,1.33,0.67,-34.89,0.03,0.88,-0.48,0.04
2.19,0.41,-35.45,0.52,0.38,0.52,-0.56,2.80,0.52,-35.58,0.29,0.66,0.51,-0.47,1.34,0.67,-34.89,0.03,0.88,-0.48,0.04
2.07,0.41,-35.58,0.57,0.33,0.48,-0.58,2.68,0.46,-35.81,0.41,0.53,0.58,-0.47,1.34,0.67,-34.89,0.03,0.88,-0.48,0.04
1.23,0.41,-35.87,0.75,0.03,0.24,-0.61,1.37,0.45,-36.50,0.65,0.30,0.27,-0.64,1.34,0.67,-34.89,0.03,0.88,-0.48,0.04
0.39,0.41,-35.05,0.89,-0.26,-0.17,-0.33,-0.16,0.44,-35.29,0.68,-0.15,-0.19,-0.69,1.34,0.67,-34.89,0.03,0.88,-0.48,0.04
0.32,0.48,-35.34,0.84,-0.17,-0.11,-0.50,-0.07,0.42,-35.53,0.71,-0.10,-0.14,-0.69,1.34,0.67,-34.89,0.03,0.88,-0.48,0.04
0.46,0.48,-35.80,0.74,-0.10,0.01,-0.66,0.19,0.41,-35.94,0.72,0.01,-0.03,-0.69,1.34,0.67,-34.89,0.03,0.88,-0.48,0.04
1.35,0.49,-36.29,0.65,0.19,0.27,-0.68,1.17,0.40,-36.46,0.69,0.25,0.23,-0.63,1.34,0.67,-34.89,0.03,0.88,-0.48,0.04
1.17,0.50,-36.28,0.66,0.16,0.24,-0.69,0.96,0.39,-36.41,0.71,0.21,0.18,-0.65,1.34,0.67,-34.89,0.03,0.88,-0.48,0.04
1.35,0.50,-36.29,0.64,0.19,0.29,-0.69,1.17,0.37,-36.45,0.70,0.25,0.23,-0.63,1.34,0.67,-34.89,0.03,0.88,-0.48,0.04
1.35,0.50,-36.28,0.64,0.19,0.28,-0.69,1.17,0.36,-36.44,0.70,0.25,0.23,-0.63,1.34,0.67,-34.89,0.03,0.88,-0.47,0.04
1.37,0.50,-36.28,0.64,0.20,0.29,-0.69,1.19,0.35,-36.43,0.70,0.25,0.24,-0.63,1.34,0.67,-34.89,0.03,0.88,-0.47,0.04
1.36,0.50,-36.28,0.64,0.19,0.29,-0.69,1.17,0.35,-36.43,0.69,0.25,0.23,-0.64,1.34,0.67,-34.89,0.03,0.88,-0.47,0.04
1.36,0.50,-36.28,0.64,0.19,0.29,-0.68,1.17,0.33,-36.42,0.69,0.25,0.23,-0.64,1.33,0.67,-34.89,0.03,0.88,-0.47,0.04
1.07,0.50,-36.25,0.67,0.12,0.21,-0.70,0.85,0.32,-36.33,0.70,0.18,0.16,-0.68,1.33,0.67,-34.89,0.03,0.88,-0.47,0.04
0.74,0.50,-36.13,0.69,0.03,0.13,-0.71,0.52,0.31,-36.14,0.70,0.09,0.07,-0.70,1.34,0.67,-34.89,0.03,0.88,-0.47,0.04
0.74,0.49,-36.13,0.69,0.03,0.13,-0.71,0.52,0.30,-36.13,0.70,0.09,0.07,-0.71,1.34,0.67,-34.89,0.03,0.88,-0.48,0.04
2.41,0.49,-33.99,0.00,0.70,0.70,-0.09,2.61,0.29,-34.07,0.06,0.72,0.69,-0.04,1.34,0.67,-34.89,0.03,0.88,-0.48,0.04
2.61,0.49,-34.29,0.09,0.69,0.70,-0.18,2.79,0.28,-34.44,0.16,0.70,0.67,-0.16,1.34,0.67,-34.89,0.03,0.88,-0.48,0.04
2.74,0.49,-34.63,0.19,0.66,0.68,-0.27,2.86,0.28,-34.83,0.25,0.67,0.64,-0.26,1.33,0.67,-34.89,0.03,0.88,-0.48,0.04
2.74,0.49,-34.62,0.18,0.66,0.68,-0.27,2.86,0.28,-34.82,0.25,0.67,0.65,-0.26,1.33,0.67,-34.89,0.03,0.88,-0.48,0.04
2.74,0.49,-34.64,0.19,0.65,0.68,-0.27,2.86,0.28,-34.84,0.25,0.67,0.64,-0.26,1.33,0.67,-34.89,0.03,0.88,-0.48,0.04
